{
  "format": "gf5_keyframed_motion",
  "version": 1,
  "name": "HY-Motion: a person dodging during a boxing match to avoid being hit",
  "profile_name": "course_body_24",
  "joint_order": [
    "pelvis",
    "left_hip",
    "right_hip",
    "spine1",
    "left_knee",
    "right_knee",
    "spine2",
    "left_ankle",
    "right_ankle",
    "spine3",
    "left_foot",
    "right_foot",
    "neck",
    "left_collar",
    "right_collar",
    "head",
    "left_shoulder",
    "right_shoulder",
    "left_elbow",
    "right_elbow",
    "left_wrist",
    "right_wrist",
    "left_hand",
    "right_hand"
  ],
  "coordinate_convention": {
    "name": "gf5_viewer_body",
    "up_axis": [
      0.0,
      0.0,
      1.0
    ],
    "forward_axis": [
      0.0,
      1.0,
      0.0
    ],
    "anatomical_right_axis": [
      1.0,
      0.0,
      0.0
    ],
    "native_smpl_to_viewer": "viewer=(-native_x, native_z, native_y)"
  },
  "duration_sec": 2.0,
  "source_class": "hy_motion_import",
  "source_prompt": "a person dodging during a boxing match to avoid being hit",
  "category": "other",
  "category_label": "Other",
  "root_contract": "spot",
  "default_root_mode": "path",
  "exported_at": "2026-05-29T15:52:03",
  "source_asset_name": null,
  "source": {
    "type": "hy_motion_1_0_fbx",
    "fbx_path": "20260529_165003714_3de4fab1_003.fbx",
    "prompt": "a person dodging during a boxing match to avoid being hit",
    "unit_scale_to_meters": 0.01,
    "native_up_axis": "Y",
    "native_front_axis": "Z"
  },
  "keyframes": [
    {
      "time_sec": 0.0,
      "root_offset": [
        0.0,
        0.0,
        0.0
      ],
      "local_rotation_matrices": [
        [
          [
            0.999854,
            -0.010833,
            -0.013202
          ],
          [
            0.011346,
            0.999158,
            0.03943
          ],
          [
            0.012763,
            -0.039574,
            0.999135
          ]
        ],
        [
          [
            0.972979,
            0.035951,
            0.228079
          ],
          [
            -0.004591,
            0.990621,
            -0.136559
          ],
          [
            -0.230849,
            0.131822,
            0.964018
          ]
        ],
        [
          [
            0.93046,
            0.185728,
            -0.31583
          ],
          [
            -0.305438,
            0.869286,
            -0.38865
          ],
          [
            0.202363,
            0.45809,
            0.865565
          ]
        ],
        [
          [
            0.999946,
            -0.008081,
            0.006477
          ],
          [
            0.006117,
            0.965524,
            0.26024
          ],
          [
            -0.008357,
            -0.260187,
            0.965522
          ]
        ],
        [
          [
            0.998826,
            -0.040038,
            -0.027255
          ],
          [
            0.047912,
            0.89919,
            0.434926
          ],
          [
            0.007094,
            -0.435722,
            0.900053
          ]
        ],
        [
          [
            0.999141,
            -0.027834,
            0.03071
          ],
          [
            0.013091,
            0.914947,
            0.403361
          ],
          [
            -0.039325,
            -0.402613,
            0.914525
          ]
        ],
        [
          [
            0.997858,
            0.015101,
            0.063649
          ],
          [
            -0.010019,
            0.996791,
            -0.079422
          ],
          [
            -0.064644,
            0.078614,
            0.994807
          ]
        ],
        [
          [
            0.950577,
            -0.003906,
            -0.310463
          ],
          [
            -0.076113,
            0.96648,
            -0.245202
          ],
          [
            0.301014,
            0.256713,
            0.918416
          ]
        ],
        [
          [
            0.923743,
            0.082613,
            0.373997
          ],
          [
            -0.110306,
            0.992472,
            0.053218
          ],
          [
            -0.366785,
            -0.090414,
            0.925902
          ]
        ],
        [
          [
            0.991001,
            -0.057959,
            0.120659
          ],
          [
            0.025846,
            0.967288,
            0.25236
          ],
          [
            -0.131338,
            -0.246971,
            0.960081
          ]
        ],
        [
          [
            0.964796,
            0.097586,
            0.244225
          ],
          [
            0.014738,
            0.907093,
            -0.420673
          ],
          [
            -0.262586,
            0.409463,
            0.873721
          ]
        ],
        [
          [
            0.892361,
            -0.324728,
            -0.313437
          ],
          [
            0.236831,
            0.928107,
            -0.287278
          ],
          [
            0.384191,
            0.182124,
            0.905112
          ]
        ],
        [
          [
            0.831369,
            0.107691,
            0.545186
          ],
          [
            -0.079947,
            0.994016,
            -0.074435
          ],
          [
            -0.54994,
            0.018298,
            0.835004
          ]
        ],
        [
          [
            0.927499,
            0.349682,
            -0.132166
          ],
          [
            -0.373373,
            0.88394,
            -0.281501
          ],
          [
            0.018391,
            0.310439,
            0.950415
          ]
        ],
        [
          [
            0.975504,
            0.130212,
            -0.177305
          ],
          [
            -0.156038,
            0.977712,
            -0.140469
          ],
          [
            0.155062,
            0.164694,
            0.97408
          ]
        ],
        [
          [
            0.86241,
            0.291708,
            -0.41371
          ],
          [
            -0.305433,
            0.951597,
            0.034277
          ],
          [
            0.403684,
            0.0968,
            0.909763
          ]
        ],
        [
          [
            -0.013707,
            0.95592,
            -0.293306
          ],
          [
            -0.825336,
            0.154779,
            0.543014
          ],
          [
            0.564476,
            0.249519,
            0.786834
          ]
        ],
        [
          [
            0.39139,
            -0.739304,
            0.547944
          ],
          [
            0.760171,
            0.595324,
            0.260249
          ],
          [
            -0.518607,
            0.314672,
            0.795002
          ]
        ],
        [
          [
            -0.309871,
            0.526789,
            0.791501
          ],
          [
            -0.695199,
            0.442358,
            -0.566584
          ],
          [
            -0.648597,
            -0.725819,
            0.229149
          ]
        ],
        [
          [
            -0.498933,
            -0.485854,
            -0.717643
          ],
          [
            0.59715,
            0.407393,
            -0.690972
          ],
          [
            0.628075,
            -0.773289,
            0.086866
          ]
        ],
        [
          [
            0.818474,
            0.571768,
            0.0564
          ],
          [
            -0.237341,
            0.425872,
            -0.873099
          ],
          [
            -0.523229,
            0.701224,
            0.484269
          ]
        ],
        [
          [
            0.91749,
            -0.373722,
            0.13618
          ],
          [
            0.281372,
            0.367807,
            -0.886311
          ],
          [
            0.281145,
            0.851499,
            0.442614
          ]
        ],
        [
          [
            1.0,
            0.0,
            0.0
          ],
          [
            0.0,
            1.0,
            0.0
          ],
          [
            0.0,
            0.0,
            1.0
          ]
        ],
        [
          [
            1.0,
            0.0,
            0.0
          ],
          [
            0.0,
            1.0,
            0.0
          ],
          [
            0.0,
            0.0,
            1.0
          ]
        ]
      ]
    },
    {
      "time_sec": 0.033333,
      "root_offset": [
        0.005365,
        0.000899,
        0.000866
      ],
      "local_rotation_matrices": [
        [
          [
            0.999901,
            -0.006797,
            -0.012357
          ],
          [
            0.007312,
            0.999083,
            0.04219
          ],
          [
            0.012059,
            -0.042277,
            0.999033
          ]
        ],
        [
          [
            0.973049,
            0.038955,
            0.227285
          ],
          [
            -0.008055,
            0.990769,
            -0.135324
          ],
          [
            -0.230458,
            0.129846,
            0.96438
          ]
        ],
        [
          [
            0.932199,
            0.182601,
            -0.31251
          ],
          [
            -0.301438,
            0.869602,
            -0.391059
          ],
          [
            0.200352,
            0.458747,
            0.865685
          ]
        ],
        [
          [
            0.999935,
            -0.008919,
            0.007162
          ],
          [
            0.006761,
            0.965901,
            0.258824
          ],
          [
            -0.009226,
            -0.258758,
            0.965898
          ]
        ],
        [
          [
            0.998825,
            -0.040394,
            -0.026792
          ],
          [
            0.047994,
            0.901571,
            0.429962
          ],
          [
            0.006787,
            -0.430742,
            0.90245
          ]
        ],
        [
          [
            0.999182,
            -0.02721,
            0.029917
          ],
          [
            0.012913,
            0.915724,
            0.401601
          ],
          [
            -0.038323,
            -0.400886,
            0.915326
          ]
        ],
        [
          [
            0.997955,
            0.015551,
            0.061999
          ],
          [
            -0.010622,
            0.996814,
            -0.079051
          ],
          [
            -0.06303,
            0.078231,
            0.994941
          ]
        ],
        [
          [
            0.95094,
            -0.009652,
            -0.309225
          ],
          [
            -0.068818,
            0.967872,
            -0.241843
          ],
          [
            0.301624,
            0.251259,
            0.919724
          ]
        ],
        [
          [
            0.923912,
            0.082587,
            0.373585
          ],
          [
            -0.110027,
            0.992531,
            0.052692
          ],
          [
            -0.366443,
            -0.089787,
            0.926098
          ]
        ],
        [
          [
            0.991124,
            -0.059047,
            0.119106
          ],
          [
            0.027276,
            0.967207,
            0.252522
          ],
          [
            -0.13011,
            -0.247032,
            0.960232
          ]
        ],
        [
          [
            0.965604,
            0.09481,
            0.242115
          ],
          [
            0.017136,
            0.905925,
            -0.423092
          ],
          [
            -0.259451,
            0.412688,
            0.87314
          ]
        ],
        [
          [
            0.892117,
            -0.32322,
            -0.315683
          ],
          [
            0.235568,
            0.92899,
            -0.285458
          ],
          [
            0.385532,
            0.180297,
            0.904908
          ]
        ],
        [
          [
            0.833071,
            0.107574,
            0.542605
          ],
          [
            -0.08149,
            0.994072,
            -0.071968
          ],
          [
            -0.547131,
            0.015738,
            0.836899
          ]
        ],
        [
          [
            0.927757,
            0.34832,
            -0.13394
          ],
          [
            -0.372686,
            0.88333,
            -0.284313
          ],
          [
            0.019282,
            0.313691,
            0.949329
          ]
        ],
        [
          [
            0.975174,
            0.127574,
            -0.180997
          ],
          [
            -0.15432,
            0.977719,
            -0.142305
          ],
          [
            0.158809,
            0.166704,
            0.973134
          ]
        ],
        [
          [
            0.865264,
            0.288206,
            -0.41019
          ],
          [
            -0.303324,
            0.952435,
            0.029358
          ],
          [
            0.39914,
            0.099018,
            0.911527
          ]
        ],
        [
          [
            -0.011515,
            0.955682,
            -0.294176
          ],
          [
            -0.822832,
            0.158107,
            0.545847
          ],
          [
            0.568168,
            0.248343,
            0.784545
          ]
        ],
        [
          [
            0.393534,
            -0.738118,
            0.548009
          ],
          [
            0.760258,
            0.596448,
            0.257407
          ],
          [
            -0.516855,
            0.31533,
            0.795882
          ]
        ],
        [
          [
            -0.311562,
            0.526774,
            0.790847
          ],
          [
            -0.693353,
            0.443077,
            -0.568282
          ],
          [
            -0.649762,
            -0.725391,
            0.227194
          ]
        ],
        [
          [
            -0.501868,
            -0.486639,
            -0.71506
          ],
          [
            0.594861,
            0.40596,
            -0.693784
          ],
          [
            0.627908,
            -0.77355,
            0.085745
          ]
        ],
        [
          [
            0.819112,
            0.57054,
            0.059503
          ],
          [
            -0.23411,
            0.427189,
            -0.873328
          ],
          [
            -0.523687,
            0.701423,
            0.483485
          ]
        ],
        [
          [
            0.919181,
            -0.368538,
            0.138876
          ],
          [
            0.281581,
            0.368433,
            -0.885985
          ],
          [
            0.275353,
            0.853485,
            0.44243
          ]
        ],
        [
          [
            1.0,
            0.0,
            0.0
          ],
          [
            0.0,
            1.0,
            0.0
          ],
          [
            0.0,
            0.0,
            1.0
          ]
        ],
        [
          [
            1.0,
            0.0,
            0.0
          ],
          [
            0.0,
            1.0,
            0.0
          ],
          [
            0.0,
            0.0,
            1.0
          ]
        ]
      ]
    },
    {
      "time_sec": 0.066667,
      "root_offset": [
        0.007943,
        0.001622,
        0.001813
      ],
      "local_rotation_matrices": [
        [
          [
            0.999938,
            -0.002834,
            -0.010781
          ],
          [
            0.003335,
            0.998903,
            0.046698
          ],
          [
            0.010637,
            -0.046732,
            0.998851
          ]
        ],
        [
          [
            0.973172,
            0.044064,
            0.225818
          ],
          [
            -0.013627,
            0.990805,
            -0.134611
          ],
          [
            -0.229673,
            0.127923,
            0.964824
          ]
        ],
        [
          [
            0.933947,
            0.179426,
            -0.309111
          ],
          [
            -0.297814,
            0.868849,
            -0.395485
          ],
          [
            0.19761,
            0.46142,
            0.864894
          ]
        ],
        [
          [
            0.999922,
            -0.009658,
            0.007982
          ],
          [
            0.007277,
            0.966257,
            0.257476
          ],
          [
            -0.0102,
            -0.257398,
            0.966252
          ]
        ],
        [
          [
            0.998827,
            -0.040818,
            -0.026061
          ],
          [
            0.048015,
            0.904816,
            0.423088
          ],
          [
            0.006311,
            -0.423843,
            0.905714
          ]
        ],
        [
          [
            0.999211,
            -0.026877,
            0.029252
          ],
          [
            0.012873,
            0.915701,
            0.401654
          ],
          [
            -0.037582,
            -0.400961,
            0.915324
          ]
        ],
        [
          [
            0.998119,
            0.015993,
            0.059186
          ],
          [
            -0.011337,
            0.996875,
            -0.078174
          ],
          [
            -0.060251,
            0.077356,
            0.995181
          ]
        ],
        [
          [
            0.951168,
            -0.017651,
            -0.308168
          ],
          [
            -0.05888,
            0.969657,
            -0.237272
          ],
          [
            0.303005,
            0.243831,
            0.921268
          ]
        ],
        [
          [
            0.924549,
            0.082772,
            0.371965
          ],
          [
            -0.109567,
            0.992647,
            0.051448
          ],
          [
            -0.364972,
            -0.088321,
            0.92682
          ]
        ],
        [
          [
            0.991376,
            -0.059899,
            0.116562
          ],
          [
            0.02874,
            0.967153,
            0.252564
          ],
          [
            -0.127862,
            -0.247036,
            0.960533
          ]
        ],
        [
          [
            0.966358,
            0.091904,
            0.24022
          ],
          [
            0.019699,
            0.90479,
            -0.425402
          ],
          [
            -0.256445,
            0.415822,
            0.872541
          ]
        ],
        [
          [
            0.891987,
            -0.321555,
            -0.317745
          ],
          [
            0.234239,
            0.929922,
            -0.283507
          ],
          [
            0.386642,
            0.178456,
            0.904799
          ]
        ],
        [
          [
            0.83597,
            0.107067,
            0.53823
          ],
          [
            -0.083193,
            0.994173,
            -0.068551
          ],
          [
            -0.542433,
            0.01253,
            0.840006
          ]
        ],
        [
          [
            0.927904,
            0.347329,
            -0.135485
          ],
          [
            -0.372302,
            0.882388,
            -0.28772
          ],
          [
            0.019617,
            0.317418,
            0.948083
          ]
        ],
        [
          [
            0.974777,
            0.124669,
            -0.185115
          ],
          [
            -0.152342,
            0.977831,
            -0.143663
          ],
          [
            0.163101,
            0.168241,
            0.972159
          ]
        ],
        [
          [
            0.870698,
            0.282431,
            -0.402638
          ],
          [
            -0.299016,
            0.953981,
            0.022554
          ],
          [
            0.390479,
            0.100758,
            0.915082
          ]
        ],
        [
          [
            -0.010833,
            0.955454,
            -0.294941
          ],
          [
            -0.819488,
            0.160536,
            0.550152
          ],
          [
            0.572994,
            0.24766,
            0.781244
          ]
        ],
        [
          [
            0.394441,
            -0.738496,
            0.546846
          ],
          [
            0.760691,
            0.596265,
            0.256548
          ],
          [
            -0.515525,
            0.314788,
            0.796959
          ]
        ],
        [
          [
            -0.316068,
            0.525793,
            0.789711
          ],
          [
            -0.691467,
            0.442262,
            -0.571207
          ],
          [
            -0.649595,
            -0.726599,
            0.223784
          ]
        ],
        [
          [
            -0.508264,
            -0.485183,
            -0.711523
          ],
          [
            0.591833,
            0.403411,
            -0.697849
          ],
          [
            0.62562,
            -0.775795,
            0.082108
          ]
        ],
        [
          [
            0.81967,
            0.569395,
            0.06269
          ],
          [
            -0.230358,
            0.427838,
            -0.874008
          ],
          [
            -0.524477,
            0.701957,
            0.481851
          ]
        ],
        [
          [
            0.921484,
            -0.36371,
            0.13632
          ],
          [
            0.276754,
            0.368553,
            -0.887455
          ],
          [
            0.272535,
            0.855502,
            0.440274
          ]
        ],
        [
          [
            1.0,
            0.0,
            0.0
          ],
          [
            0.0,
            1.0,
            0.0
          ],
          [
            0.0,
            0.0,
            1.0
          ]
        ],
        [
          [
            1.0,
            0.0,
            0.0
          ],
          [
            0.0,
            1.0,
            0.0
          ],
          [
            0.0,
            0.0,
            1.0
          ]
        ]
      ]
    },
    {
      "time_sec": 0.1,
      "root_offset": [
        0.010058,
        0.002275,
        0.002452
      ],
      "local_rotation_matrices": [
        [
          [
            0.999962,
            -0.000576,
            -0.008662
          ],
          [
            0.001031,
            0.99861,
            0.052691
          ],
          [
            0.00862,
            -0.052698,
            0.998573
          ]
        ],
        [
          [
            0.97321,
            0.050085,
            0.224397
          ],
          [
            -0.019746,
            0.990586,
            -0.135458
          ],
          [
            -0.229069,
            0.127398,
            0.965037
          ]
        ],
        [
          [
            0.93508,
            0.176954,
            -0.307105
          ],
          [
            -0.296114,
            0.866202,
            -0.402506
          ],
          [
            0.19479,
            0.467313,
            0.862366
          ]
        ],
        [
          [
            0.999911,
            -0.010073,
            0.008778
          ],
          [
            0.007475,
            0.966287,
            0.257358
          ],
          [
            -0.011075,
            -0.25727,
            0.966276
          ]
        ],
        [
          [
            0.99881,
            -0.041707,
            -0.025263
          ],
          [
            0.048439,
            0.908208,
            0.415707
          ],
          [
            0.005606,
            -0.416436,
            0.909148
          ]
        ],
        [
          [
            0.999216,
            -0.026673,
            0.029242
          ],
          [
            0.012532,
            0.914015,
            0.405487
          ],
          [
            -0.037544,
            -0.404803,
            0.913633
          ]
        ],
        [
          [
            0.998325,
            0.01631,
            0.0555
          ],
          [
            -0.012004,
            0.996954,
            -0.077058
          ],
          [
            -0.056587,
            0.076263,
            0.995481
          ]
        ],
        [
          [
            0.950937,
            -0.024577,
            -0.308408
          ],
          [
            -0.050315,
            0.971284,
            -0.232542
          ],
          [
            0.305267,
            0.236651,
            0.922393
          ]
        ],
        [
          [
            0.925477,
            0.083561,
            0.369471
          ],
          [
            -0.109397,
            0.992765,
            0.049497
          ],
          [
            -0.362662,
            -0.086228,
            0.927923
          ]
        ],
        [
          [
            0.991737,
            -0.060173,
            0.113296
          ],
          [
            0.029825,
            0.967117,
            0.252575
          ],
          [
            -0.124769,
            -0.247109,
            0.960921
          ]
        ],
        [
          [
            0.966754,
            0.089828,
            0.239411
          ],
          [
            0.021696,
            0.904075,
            -0.426822
          ],
          [
            -0.254786,
            0.417827,
            0.872069
          ]
        ],
        [
          [
            0.892241,
            -0.320124,
            -0.318474
          ],
          [
            0.233045,
            0.930541,
            -0.28246
          ],
          [
            0.386775,
            0.177804,
            0.90487
          ]
        ],
        [
          [
            0.84042,
            0.105582,
            0.531551
          ],
          [
            -0.084045,
            0.994364,
            -0.064628
          ],
          [
            -0.535378,
            0.009641,
            0.844557
          ]
        ],
        [
          [
            0.928019,
            0.347269,
            -0.134852
          ],
          [
            -0.372112,
            0.881303,
            -0.291269
          ],
          [
            0.017697,
            0.320483,
            0.947089
          ]
        ],
        [
          [
            0.97444,
            0.12193,
            -0.188677
          ],
          [
            -0.150277,
            0.978096,
            -0.144034
          ],
          [
            0.166982,
            0.168707,
            0.971419
          ]
        ],
        [
          [
            0.878655,
            0.27498,
            -0.390322
          ],
          [
            -0.292626,
            0.956112,
            0.014845
          ],
          [
            0.377274,
            0.101174,
            0.920559
          ]
        ],
        [
          [
            -0.013642,
            0.954721,
            -0.29719
          ],
          [
            -0.815725,
            0.161265,
            0.555506
          ],
          [
            0.578279,
            0.250004,
            0.77659
          ]
        ],
        [
          [
            0.392558,
            -0.741453,
            0.544193
          ],
          [
            0.761923,
            0.593575,
            0.259116
          ],
          [
            -0.515142,
            0.312915,
            0.797943
          ]
        ],
        [
          [
            -0.322582,
            0.524016,
            0.788256
          ],
          [
            -0.689956,
            0.439939,
            -0.574816
          ],
          [
            -0.647998,
            -0.729288,
            0.219631
          ]
        ],
        [
          [
            -0.515903,
            -0.48124,
            -0.708697
          ],
          [
            0.589555,
            0.40075,
            -0.701302
          ],
          [
            0.621505,
            -0.77962,
            0.076969
          ]
        ],
        [
          [
            0.819967,
            0.568853,
            0.063721
          ],
          [
            -0.227307,
            0.425756,
            -0.875822
          ],
          [
            -0.525343,
            0.703661,
            0.47841
          ]
        ],
        [
          [
            0.922595,
            -0.36515,
            0.124433
          ],
          [
            0.26584,
            0.36805,
            -0.890993
          ],
          [
            0.279548,
            0.855105,
            0.436633
          ]
        ],
        [
          [
            1.0,
            0.0,
            0.0
          ],
          [
            0.0,
            1.0,
            0.0
          ],
          [
            0.0,
            0.0,
            1.0
          ]
        ],
        [
          [
            1.0,
            0.0,
            0.0
          ],
          [
            0.0,
            1.0,
            0.0
          ],
          [
            0.0,
            0.0,
            1.0
          ]
        ]
      ]
    },
    {
      "time_sec": 0.133333,
      "root_offset": [
        0.012675,
        0.002863,
        0.002638
      ],
      "local_rotation_matrices": [
        [
          [
            0.99998,
            -0.000265,
            -0.006368
          ],
          [
            0.000645,
            0.99822,
            0.05963
          ],
          [
            0.006341,
            -0.059633,
            0.9982
          ]
        ],
        [
          [
            0.973013,
            0.05578,
            0.223909
          ],
          [
            -0.024871,
            0.990042,
            -0.138559
          ],
          [
            -0.229408,
            0.129251,
            0.96471
          ]
        ],
        [
          [
            0.93589,
            0.174121,
            -0.306255
          ],
          [
            -0.29531,
            0.861771,
            -0.412483
          ],
          [
            0.1921,
            0.476479,
            0.857943
          ]
        ],
        [
          [
            0.999897,
            -0.01033,
            0.009953
          ],
          [
            0.007394,
            0.965719,
            0.259483
          ],
          [
            -0.012292,
            -0.259382,
            0.965696
          ]
        ],
        [
          [
            0.99875,
            -0.043556,
            -0.024533
          ],
          [
            0.049782,
            0.911298,
            0.408727
          ],
          [
            0.004554,
            -0.409438,
            0.912327
          ]
        ],
        [
          [
            0.999211,
            -0.026343,
            0.029732
          ],
          [
            0.011691,
            0.910345,
            0.413684
          ],
          [
            -0.037964,
            -0.41301,
            0.909935
          ]
        ],
        [
          [
            0.998528,
            0.016821,
            0.051566
          ],
          [
            -0.01287,
            0.997023,
            -0.076018
          ],
          [
            -0.052692,
            0.075242,
            0.995772
          ]
        ],
        [
          [
            0.950105,
            -0.028179,
            -0.310655
          ],
          [
            -0.045732,
            0.972566,
            -0.228088
          ],
          [
            0.30856,
            0.230914,
            0.922751
          ]
        ],
        [
          [
            0.926329,
            0.086026,
            0.366762
          ],
          [
            -0.110645,
            0.992767,
            0.046598
          ],
          [
            -0.3601,
            -0.083745,
            0.929147
          ]
        ],
        [
          [
            0.992187,
            -0.06009,
            0.109337
          ],
          [
            0.03073,
            0.967075,
            0.252629
          ],
          [
            -0.120918,
            -0.247295,
            0.961366
          ]
        ],
        [
          [
            0.966733,
            0.088764,
            0.239893
          ],
          [
            0.023066,
            0.903785,
            -0.427365
          ],
          [
            -0.254746,
            0.418681,
            0.871671
          ]
        ],
        [
          [
            0.893109,
            -0.318734,
            -0.317435
          ],
          [
            0.231664,
            0.930782,
            -0.282799
          ],
          [
            0.385601,
            0.179032,
            0.90513
          ]
        ],
        [
          [
            0.847089,
            0.10227,
            0.521519
          ],
          [
            -0.083052,
            0.994727,
            -0.060167
          ],
          [
            -0.524922,
            0.007654,
            0.851116
          ]
        ],
        [
          [
            0.928382,
            0.347743,
            -0.131075
          ],
          [
            -0.371412,
            0.880196,
            -0.29548
          ],
          [
            0.012621,
            0.323002,
            0.946314
          ]
        ],
        [
          [
            0.974149,
            0.118197,
            -0.192521
          ],
          [
            -0.147263,
            0.9785,
            -0.144402
          ],
          [
            0.171314,
            0.16902,
            0.97061
          ]
        ],
        [
          [
            0.888379,
            0.266594,
            -0.373778
          ],
          [
            -0.284866,
            0.958544,
            0.006616
          ],
          [
            0.360046,
            0.100599,
            0.927495
          ]
        ],
        [
          [
            -0.019154,
            0.952741,
            -0.303179
          ],
          [
            -0.811709,
            0.162227,
            0.56108
          ],
          [
            0.583748,
            0.25684,
            0.770241
          ]
        ],
        [
          [
            0.388232,
            -0.74632,
            0.540631
          ],
          [
            0.764451,
            0.588437,
            0.263355
          ],
          [
            -0.514674,
            0.311043,
            0.798976
          ]
        ],
        [
          [
            -0.329266,
            0.522087,
            0.786772
          ],
          [
            -0.688675,
            0.437272,
            -0.578377
          ],
          [
            -0.645996,
            -0.73227,
            0.21557
          ]
        ],
        [
          [
            -0.519913,
            -0.477322,
            -0.708417
          ],
          [
            0.589783,
            0.399338,
            -0.701916
          ],
          [
            0.617937,
            -0.782747,
            0.073895
          ]
        ],
        [
          [
            0.82059,
            0.568249,
            0.061023
          ],
          [
            -0.224469,
            0.418647,
            -0.879971
          ],
          [
            -0.52559,
            0.708398,
            0.471092
          ]
        ],
        [
          [
            0.920455,
            -0.377473,
            0.101378
          ],
          [
            0.250339,
            0.370181,
            -0.894593
          ],
          [
            0.300157,
            0.848811,
            0.435231
          ]
        ],
        [
          [
            1.0,
            0.0,
            0.0
          ],
          [
            0.0,
            1.0,
            0.0
          ],
          [
            0.0,
            0.0,
            1.0
          ]
        ],
        [
          [
            1.0,
            0.0,
            0.0
          ],
          [
            0.0,
            1.0,
            0.0
          ],
          [
            0.0,
            0.0,
            1.0
          ]
        ]
      ]
    },
    {
      "time_sec": 0.166667,
      "root_offset": [
        0.015838,
        0.003315,
        0.002367
      ],
      "local_rotation_matrices": [
        [
          [
            0.999987,
            -0.001829,
            -0.004722
          ],
          [
            0.002142,
            0.997733,
            0.067262
          ],
          [
            0.004588,
            -0.067271,
            0.997724
          ]
        ],
        [
          [
            0.972411,
            0.060636,
            0.225255
          ],
          [
            -0.028185,
            0.989092,
            -0.144578
          ],
          [
            -0.231565,
            0.134241,
            0.963513
          ]
        ],
        [
          [
            0.936916,
            0.17011,
            -0.30537
          ],
          [
            -0.294005,
            0.856024,
            -0.425187
          ],
          [
            0.189075,
            0.488145,
            0.852036
          ]
        ],
        [
          [
            0.99986,
            -0.010694,
            0.012836
          ],
          [
            0.00693,
            0.964549,
            0.263811
          ],
          [
            -0.015202,
            -0.263685,
            0.964489
          ]
        ],
        [
          [
            0.998656,
            -0.045976,
            -0.023943
          ],
          [
            0.05173,
            0.91349,
            0.403558
          ],
          [
            0.003318,
            -0.404254,
            0.914641
          ]
        ],
        [
          [
            0.999195,
            -0.026026,
            0.030536
          ],
          [
            0.010585,
            0.9051,
            0.425066
          ],
          [
            -0.038701,
            -0.424401,
            0.904647
          ]
        ],
        [
          [
            0.998702,
            0.017407,
            0.047874
          ],
          [
            -0.013812,
            0.99713,
            -0.074436
          ],
          [
            -0.049033,
            0.073678,
            0.996076
          ]
        ],
        [
          [
            0.948636,
            -0.028192,
            -0.31511
          ],
          [
            -0.045548,
            0.973474,
            -0.224217
          ],
          [
            0.313073,
            0.227053,
            0.922189
          ]
        ],
        [
          [
            0.927208,
            0.09093,
            0.363343
          ],
          [
            -0.11397,
            0.992578,
            0.042435
          ],
          [
            -0.356787,
            -0.080756,
            0.930689
          ]
        ],
        [
          [
            0.992746,
            -0.059713,
            0.104356
          ],
          [
            0.031603,
            0.967028,
            0.2527
          ],
          [
            -0.116005,
            -0.247569,
            0.961901
          ]
        ],
        [
