{
  "format": "gf5_keyframed_motion",
  "version": 1,
  "name": "HY-Motion: a boxer wins and raise arms and jump to celebrate",
  "profile_name": "course_body_24",
  "joint_order": [
    "pelvis",
    "left_hip",
    "right_hip",
    "spine1",
    "left_knee",
    "right_knee",
    "spine2",
    "left_ankle",
    "right_ankle",
    "spine3",
    "left_foot",
    "right_foot",
    "neck",
    "left_collar",
    "right_collar",
    "head",
    "left_shoulder",
    "right_shoulder",
    "left_elbow",
    "right_elbow",
    "left_wrist",
    "right_wrist",
    "left_hand",
    "right_hand"
  ],
  "coordinate_convention": {
    "name": "gf5_viewer_body",
    "up_axis": [
      0.0,
      0.0,
      1.0
    ],
    "forward_axis": [
      0.0,
      1.0,
      0.0
    ],
    "anatomical_right_axis": [
      1.0,
      0.0,
      0.0
    ],
    "native_smpl_to_viewer": "viewer=(-native_x, native_z, native_y)"
  },
  "duration_sec": 4.833333,
  "source_class": "hy_motion_import",
  "source_prompt": "a boxer wins and raise arms and jump to celebrate",
  "category": "other",
  "category_label": "Other",
  "root_contract": "scene_path",
  "default_root_mode": "path",
  "exported_at": "2026-06-04T11:09:31",
  "source_asset_name": null,
  "source": {
    "type": "hy_motion_1_0_fbx",
    "fbx_path": "20260603_182253809_31918257_000.fbx",
    "prompt": "a boxer wins and raise arms and jump to celebrate",
    "unit_scale_to_meters": 0.01,
    "native_up_axis": "Y",
    "native_front_axis": "Z"
  },
  "keyframes": [
    {
      "time_sec": 0.0,
      "root_offset": [
        0.0,
        0.0,
        0.0
      ],
      "local_rotation_matrices": [
        [
          [
            0.996806,
            0.070436,
            0.037642
          ],
          [
            -0.060336,
            0.972978,
            -0.222876
          ],
          [
            -0.052323,
            0.219893,
            0.97412
          ]
        ],
        [
          [
            0.949825,
            -0.207899,
            0.233687
          ],
          [
            0.225121,
            0.973082,
            -0.049309
          ],
          [
            -0.217145,
            0.099443,
            0.971061
          ]
        ],
        [
          [
            0.963389,
            0.001559,
            -0.268102
          ],
          [
            -0.028449,
            0.994932,
            -0.096441
          ],
          [
            0.266593,
            0.100538,
            0.958551
          ]
        ],
        [
          [
            0.998498,
            -0.005353,
            -0.054535
          ],
          [
            0.018844,
            0.968062,
            0.250004
          ],
          [
            0.051455,
            -0.250656,
            0.966708
          ]
        ],
        [
          [
            0.994799,
            0.098895,
            0.024391
          ],
          [
            -0.099671,
            0.895759,
            0.433223
          ],
          [
            0.020995,
            -0.4334,
            0.900957
          ]
        ],
        [
          [
            0.995168,
            -0.097368,
            -0.012647
          ],
          [
            0.09134,
            0.870821,
            0.48304
          ],
          [
            -0.036019,
            -0.481861,
            0.875507
          ]
        ],
        [
          [
            0.994329,
            -0.099141,
            0.038472
          ],
          [
            0.104083,
            0.981479,
            -0.160828
          ],
          [
            -0.021815,
            0.16392,
            0.986232
          ]
        ],
        [
          [
            0.901204,
            0.085311,
            -0.424915
          ],
          [
            -0.164696,
            0.974297,
            -0.153691
          ],
          [
            0.400882,
            0.208488,
            0.892091
          ]
        ],
        [
          [
            0.925965,
            -0.046013,
            0.374796
          ],
          [
            0.119931,
            0.976993,
            -0.176355
          ],
          [
            -0.358058,
            0.208248,
            0.91018
          ]
        ],
        [
          [
            0.999924,
            0.010107,
            0.007073
          ],
          [
            -0.011447,
            0.973946,
            0.226491
          ],
          [
            -0.0046,
            -0.226554,
            0.973988
          ]
        ],
        [
          [
            0.817776,
            0.297382,
            0.492754
          ],
          [
            -0.050458,
            0.889913,
            -0.453331
          ],
          [
            -0.57332,
            0.34586,
            0.742755
          ]
        ],
        [
          [
            0.859228,
            -0.324375,
            -0.395612
          ],
          [
            0.19143,
            0.920969,
            -0.339367
          ],
          [
            0.474429,
            0.215861,
            0.853418
          ]
        ],
        [
          [
            0.978066,
            -0.174149,
            0.114273
          ],
          [
            0.126472,
            0.932425,
            0.338508
          ],
          [
            -0.165502,
            -0.316631,
            0.933999
          ]
        ],
        [
          [
            0.970703,
            -0.013281,
            0.239916
          ],
          [
            0.068926,
            0.971901,
            -0.225074
          ],
          [
            -0.230186,
            0.235016,
            0.944342
          ]
        ],
        [
          [
            0.965143,
            0.145197,
            -0.217755
          ],
          [
            -0.197523,
            0.949944,
            -0.242057
          ],
          [
            0.171709,
            0.276631,
            0.945511
          ]
        ],
        [
          [
            0.977374,
            0.180579,
            -0.11014
          ],
          [
            -0.186913,
            0.981098,
            -0.050102
          ],
          [
            0.099011,
            0.069555,
            0.992652
          ]
        ],
        [
          [
            0.581847,
            0.303155,
            -0.754686
          ],
          [
            0.314573,
            0.771824,
            0.552568
          ],
          [
            0.749999,
            -0.558914,
            0.353719
          ]
        ],
        [
          [
            0.596527,
            -0.180478,
            0.782037
          ],
          [
            -0.354136,
            0.815218,
            0.458266
          ],
          [
            -0.720238,
            -0.550315,
            0.422386
          ]
        ],
        [
          [
            0.723871,
            0.685749,
            0.075889
          ],
          [
            -0.689925,
            0.718859,
            0.085119
          ],
          [
            0.003817,
            -0.113973,
            0.993477
          ]
        ],
        [
          [
            0.56697,
            -0.822844,
            -0.038374
          ],
          [
            0.823063,
            0.564003,
            0.06684
          ],
          [
            -0.033356,
            -0.06948,
            0.997025
          ]
        ],
        [
          [
            0.99622,
            0.025257,
            -0.08311
          ],
          [
            -0.033289,
            0.994754,
            -0.096726
          ],
          [
            0.080231,
            0.099127,
            0.991835
          ]
        ],
        [
          [
            0.996265,
            -0.043664,
            0.0745
          ],
          [
            0.049682,
            0.99548,
            -0.080945
          ],
          [
            -0.070629,
            0.084344,
            0.99393
          ]
        ],
        [
          [
            1.0,
            0.0,
            0.0
          ],
          [
            0.0,
            1.0,
            0.0
          ],
          [
            0.0,
            0.0,
            1.0
          ]
        ],
        [
          [
            1.0,
            0.0,
            0.0
          ],
          [
            0.0,
            1.0,
            0.0
          ],
          [
            0.0,
            0.0,
            1.0
          ]
        ]
      ]
    },
    {
      "time_sec": 0.033333,
      "root_offset": [
        -0.006664,
        0.007055,
        -0.008312
      ],
      "local_rotation_matrices": [
        [
          [
            0.995848,
            0.081058,
            0.041418
          ],
          [
            -0.06929,
            0.970108,
            -0.232571
          ],
          [
            -0.059032,
            0.228735,
            0.971697
          ]
        ],
        [
          [
            0.947461,
            -0.216081,
            0.235851
          ],
          [
            0.23543,
            0.970226,
            -0.05687
          ],
          [
            -0.21654,
            0.109408,
            0.970124
          ]
        ],
        [
          [
            0.960938,
            -0.013545,
            -0.276431
          ],
          [
            -0.018713,
            0.993336,
            -0.113726
          ],
          [
            0.276129,
            0.114457,
            0.954281
          ]
        ],
        [
          [
            0.998094,
            -0.005214,
            -0.061485
          ],
          [
            0.021042,
            0.965458,
            0.259708
          ],
          [
            0.058007,
            -0.260507,
            0.963728
          ]
        ],
        [
          [
            0.99549,
            0.091247,
            0.025967
          ],
          [
            -0.092762,
            0.878819,
            0.468051
          ],
          [
            0.019887,
            -0.468349,
            0.88332
          ]
        ],
        [
          [
            0.995825,
            -0.090253,
            -0.013704
          ],
          [
            0.084277,
            0.851237,
            0.517971
          ],
          [
            -0.035084,
            -0.516963,
            0.855289
          ]
        ],
        [
          [
            0.992631,
            -0.115918,
            0.035304
          ],
          [
            0.120096,
            0.979903,
            -0.159271
          ],
          [
            -0.016132,
            0.162337,
            0.986603
          ]
        ],
        [
          [
            0.896844,
            0.0885,
            -0.433404
          ],
          [
            -0.17384,
            0.971465,
            -0.161356
          ],
          [
            0.406756,
            0.220054,
            0.886637
          ]
        ],
        [
          [
            0.924541,
            -0.059405,
            0.376424
          ],
          [
            0.134737,
            0.974931,
            -0.177074
          ],
          [
            -0.356469,
            0.21443,
            0.909368
          ]
        ],
        [
          [
            0.999927,
            0.008656,
            0.008478
          ],
          [
            -0.010391,
            0.972503,
            0.232657
          ],
          [
            -0.006231,
            -0.232728,
            0.972522
          ]
        ],
        [
          [
            0.808287,
            0.300687,
            0.506221
          ],
          [
            -0.049439,
            0.89139,
            -0.450532
          ],
          [
            -0.586709,
            0.339132,
            0.735365
          ]
        ],
        [
          [
            0.864629,
            -0.319241,
            -0.387947
          ],
          [
            0.181415,
            0.918454,
            -0.35147
          ],
          [
            0.468515,
            0.233512,
            0.852036
          ]
        ],
        [
          [
            0.979212,
            -0.170405,
            0.110028
          ],
          [
            0.122909,
            0.929981,
            0.346452
          ],
          [
            -0.161361,
            -0.325727,
            0.931593
          ]
        ],
        [
          [
            0.958102,
            -0.01426,
            0.286072
          ],
          [
            0.087336,
            0.965743,
            -0.244363
          ],
          [
            -0.272787,
            0.259109,
            0.926526
          ]
        ],
        [
          [
            0.951523,
            0.131097,
            -0.27824
          ],
          [
            -0.208894,
            0.939422,
            -0.271753
          ],
          [
            0.225759,
            0.316702,
            0.921267
          ]
        ],
        [
          [
            0.97815,
            0.179033,
            -0.105686
          ],
          [
            -0.185178,
            0.981358,
            -0.051438
          ],
          [
            0.094506,
            0.069884,
            0.993068
          ]
        ],
        [
          [
            0.594222,
            0.319456,
            -0.738138
          ],
          [
            0.356064,
            0.718424,
            0.597566
          ],
          [
            0.721192,
            -0.617911,
            0.313157
          ]
        ],
        [
          [
            0.587624,
            -0.173311,
            0.790355
          ],
          [
            -0.420088,
            0.769481,
            0.481067
          ],
          [
            -0.691537,
            -0.614705,
            0.37936
          ]
        ],
        [
          [
            0.662853,
            0.744796,
            0.076844
          ],
          [
            -0.748749,
            0.659176,
            0.069732
          ],
          [
            0.001282,
            -0.103759,
            0.994602
          ]
        ],
        [
          [
            0.495201,
            -0.867838,
            -0.040421
          ],
          [
            0.868216,
            0.49267,
            0.058972
          ],
          [
            -0.031264,
            -0.064298,
            0.997441
          ]
        ],
        [
          [
            0.995644,
            0.028489,
            -0.088775
          ],
          [
            -0.036138,
            0.995657,
            -0.085792
          ],
          [
            0.085945,
            0.088626,
            0.99235
          ]
        ],
        [
          [
            0.995589,
            -0.049808,
            0.079505
          ],
          [
            0.055908,
            0.995505,
            -0.076447
          ],
          [
            -0.07534,
            0.080555,
            0.993899
          ]
        ],
        [
          [
            1.0,
            0.0,
            0.0
          ],
          [
            0.0,
            1.0,
            0.0
          ],
          [
            0.0,
            0.0,
            1.0
          ]
        ],
        [
          [
            1.0,
            0.0,
            0.0
          ],
          [
            0.0,
            1.0,
            0.0
          ],
          [
            0.0,
            0.0,
            1.0
          ]
        ]
      ]
    },
    {
      "time_sec": 0.066667,
      "root_offset": [
        -0.012161,
        0.013646,
        -0.015324
      ],
      "local_rotation_matrices": [
        [
          [
            0.994508,
            0.093883,
            0.046269
          ],
          [
            -0.079801,
            0.966185,
            -0.245192
          ],
          [
            -0.067724,
            0.240153,
            0.96837
          ]
        ],
        [
          [
            0.943944,
            -0.227952,
            0.238764
          ],
          [
            0.249547,
            0.96624,
            -0.064088
          ],
          [
            -0.216095,
            0.120079,
            0.96896
          ]
        ],
        [
          [
            0.957614,
            -0.03213,
            -0.286255
          ],
          [
            -0.006336,
            0.99117,
            -0.132446
          ],
          [
            0.287983,
            0.128646,
            0.948955
          ]
        ],
        [
          [
            0.997476,
            -0.004685,
            -0.07085
          ],
          [
            0.023946,
            0.961559,
            0.273552
          ],
          [
            0.066845,
            -0.274558,
            0.959244
          ]
        ],
        [
          [
            0.996224,
            0.082295,
            0.027652
          ],
          [
            -0.084918,
            0.857428,
            0.507549
          ],
          [
            0.018059,
            -0.507981,
            0.861179
          ]
        ],
        [
          [
            0.996516,
            -0.082161,
            -0.01431
          ],
          [
            0.076194,
            0.827176,
            0.556753
          ],
          [
            -0.033907,
            -0.555904,
            0.830555
          ]
        ],
        [
          [
            0.990179,
            -0.136328,
            0.030992
          ],
          [
            0.139534,
            0.977492,
            -0.15824
          ],
          [
            -0.008722,
            0.16101,
            0.986914
          ]
        ],
        [
          [
            0.891129,
            0.091036,
            -0.444524
          ],
          [
            -0.183243,
            0.96843,
            -0.169016
          ],
          [
            0.415104,
            0.232071,
            0.879677
          ]
        ],
        [
          [
            0.923079,
            -0.074956,
            0.377235
          ],
          [
            0.151715,
            0.972255,
            -0.178054
          ],
          [
            -0.353422,
            0.22159,
            0.90884
          ]
        ],
        [
          [
            0.99992,
            0.006835,
            0.010606
          ],
          [
            -0.00919,
            0.970481,
            0.241005
          ],
          [
            -0.008646,
            -0.241083,
            0.970466
          ]
        ],
        [
          [
            0.796457,
            0.304662,
            0.522337
          ],
          [
            -0.047821,
            0.892833,
            -0.447843
          ],
          [
            -0.602801,
            0.331709,
            0.725672
          ]
        ],
        [
          [
            0.871749,
            -0.313149,
            -0.376818
          ],
          [
            0.169996,
            0.91463,
            -0.366815
          ],
          [
            0.459517,
            0.255713,
            0.850562
          ]
        ],
        [
          [
            0.98063,
            -0.165895,
            0.104138
          ],
          [
            0.118934,
            0.926745,
            0.356369
          ],
          [
            -0.155629,
            -0.33708,
            0.928524
          ]
        ],
        [
          [
            0.941679,
            -0.011872,
            0.336303
          ],
          [
            0.106332,
            0.958672,
            -0.263897
          ],
          [
            -0.319271,
            0.284266,
            0.904024
          ]
        ],
        [
          [
            0.933155,
            0.110735,
            -0.341994
          ],
          [
            -0.221287,
            0.926701,
            -0.30374
          ],
          [
            0.283291,
            0.359115,
            0.889259
          ]
        ],
        [
          [
            0.979132,
            0.177268,
            -0.099378
          ],
          [
            -0.183049,
            0.981709,
            -0.052355
          ],
          [
            0.088279,
            0.069454,
            0.993671
          ]
        ],
        [
          [
            0.611888,
            0.330641,
            -0.718519
          ],
          [
            0.401386,
            0.652957,
            0.64229
          ],
          [
            0.681529,
            -0.681413,
            0.266822
          ]
        ],
        [
          [
            0.576345,
            -0.16611,
            0.800146
          ],
          [
            -0.496893,
            0.706101,
            0.504498
          ],
          [
            -0.648787,
            -0.688352,
            0.324419
          ]
        ],
        [
          [
            0.581329,
            0.810157,
            0.075507
          ],
          [
            -0.813661,
            0.579197,
            0.049858
          ],
          [
            -0.00334,
            -0.090421,
            0.995898
          ]
        ],
        [
          [
            0.401274,
            -0.914955,
            -0.04286
          ],
          [
            0.915563,
            0.399288,
            0.048101
          ],
          [
            -0.026897,
            -0.058543,
            0.997922
          ]
        ],
        [
          [
            0.994965,
            0.031402,
            -0.095178
          ],
          [
            -0.038431,
            0.996596,
            -0.072935
          ],
          [
            0.092563,
            0.076225,
            0.992785
          ]
        ],
        [
          [
            0.994714,
            -0.056462,
            0.085762
          ],
          [
            0.062746,
            0.995397,
            -0.072438
          ],
          [
            -0.081277,
            0.077437,
            0.993679
          ]
        ],
        [
          [
            1.0,
            0.0,
            0.0
          ],
          [
            0.0,
            1.0,
            0.0
          ],
          [
            0.0,
            0.0,
            1.0
          ]
        ],
        [
          [
            1.0,
            0.0,
            0.0
          ],
          [
            0.0,
            1.0,
            0.0
          ],
          [
            0.0,
            0.0,
            1.0
          ]
        ]
      ]
    },
    {
      "time_sec": 0.1,
      "root_offset": [
        -0.016581,
        0.019905,
        -0.02076
      ],
      "local_rotation_matrices": [
        [
          [
            0.993093,
            0.105339,
            0.05168
          ],
          [
            -0.088589,
            0.961963,
            -0.258416
          ],
          [
            -0.076935,
            0.252052,
            0.964651
          ]
        ],
        [
          [
            0.939944,
            -0.241685,
            0.241027
          ],
          [
            0.264432,
            0.962111,
            -0.066478
          ],
          [
            -0.215827,
            0.126221,
            0.968239
          ]
        ],
        [
          [
            0.954049,
            -0.048763,
            -0.295657
          ],
          [
            0.005506,
            0.989356,
            -0.145408
          ],
          [
            0.299601,
            0.137099,
            0.944163
          ]
        ],
        [
          [
            0.99672,
            -0.00341,
            -0.080854
          ],
          [
            0.026794,
            0.956663,
            0.289962
          ],
          [
            0.076361,
            -0.291178,
            0.953616
          ]
        ],
        [
          [
            0.996764,
            0.074988,
            0.028938
          ],
          [
            -0.078742,
            0.838723,
            0.538834
          ],
          [
            0.016135,
            -0.53937,
            0.841915
          ]
        ],
        [
          [
            0.997032,
            -0.07563,
            -0.014417
          ],
          [
            0.069657,
            0.806335,
            0.587343
          ],
          [
            -0.032796,
            -0.586604,
            0.80921
          ]
        ],
        [
          [
            0.987485,
            -0.155554,
            0.026012
          ],
          [
            0.157713,
            0.974516,
            -0.159518
          ],
          [
            -0.000535,
            0.161624,
            0.986852
          ]
        ],
        [
          [
            0.885591,
            0.091122,
            -0.455439
          ],
          [
            -0.188846,
            0.966498,
            -0.173834
          ],
          [
            0.424341,
            0.239954,
            0.87313
          ]
        ],
        [
          [
            0.922185,
            -0.087725,
            0.376668
          ],
          [
            0.165384,
            0.969843,
            -0.179032
          ],
          [
            -0.349604,
            0.227396,
            0.908883
          ]
        ],
        [
          [
            0.999902,
            0.005184,
            0.01304
          ],
          [
            -0.008277,
            0.96827,
            0.249769
          ],
          [
            -0.011332,
            -0.249852,
            0.968218
          ]
        ],
        [
          [
            0.785478,
            0.308589,
            0.536468
          ],
          [
            -0.045977,
            0.893523,
            -0.446658
          ],
          [
            -0.61718,
            0.326175,
            0.71603
          ]
        ],
        [
          [
            0.878251,
            -0.307926,
            -0.365864
          ],
          [
            0.160433,
            0.910475,
            -0.381177
          ],
          [
            0.450484,
            0.276073,
            0.849028
          ]
        ],
        [
          [
            0.981974,
            -0.161684,
            0.097901
          ],
          [
            0.115627,
            0.923587,
            0.365537
          ],
          [
            -0.149522,
            -0.347628,
            0.925634
          ]
        ],
        [
          [
            0.928159,
            -0.006189,
            0.372132
          ],
          [
            0.117171,
            0.953878,
            -0.276382
          ],
          [
            -0.353258,
            0.30013,
            0.886076
          ]
        ],
        [
          [
            0.918161,
            0.091271,
            -0.385551
          ],
          [
            -0.228751,
            0.916651,
            -0.327756
          ],
          [
            0.323501,
            0.389128,
            0.862512
          ]
        ],
        [
          [
            0.980164,
            0.175223,
            -0.092606
          ],
          [
            -0.180514,
            0.982188,
            -0.052173
          ],
          [
            0.081815,
            0.067855,
            0.994335
          ]
        ],
        [
          [
            0.630077,
            0.328702,
            -0.703533
          ],
          [
            0.437384,
            0.598384,
            0.671291
          ],
          [
            0.641638,
            -0.730679,
            0.233259
          ]
        ],
        [
          [
            0.564855,
            -0.162817,
            0.808968
          ],
          [
            -0.562625,
            0.641158,
            0.521891
          ],
          [
            -0.603649,
            -0.749938,
            0.270557
          ]
        ],
        [
          [
            0.500397,
            0.862785,
            0.072138
          ],
          [
            -0.86575,
            0.499492,
            0.031389
          ],
          [
            -0.00895,
            -0.078161,
            0.996901
          ]
        ],
        [
          [
            0.310149,
            -0.949602,
            -0.045436
          ],
          [
            0.950459,
            0.30867,
            0.03675
          ],
          [
            -0.020873,
            -0.054583,
            0.998291
          ]
        ],
        [
          [
            0.99441,
            0.032879,
            -0.100337
          ],
          [
            -0.039256,
            0.997288,
            -0.062254
          ],
          [
            0.098018,
            0.065845,
            0.993004
          ]
        ],
        [
          [
            0.993891,
            -0.061676,
            0.091528
          ],
          [
            0.068273,
            0.995152,
            -0.070786
          ],
          [
            -0.086719,
            0.076603,
            0.993283
          ]
        ],
        [
          [
            1.0,
            0.0,
            0.0
          ],
          [
            0.0,
            1.0,
            0.0
          ],
          [
            0.0,
            0.0,
            1.0
          ]
        ],
        [
          [
            1.0,
            0.0,
            0.0
          ],
          [
            0.0,
            1.0,
            0.0
          ],
          [
            0.0,
            0.0,
            1.0
          ]
        ]
      ]
    },
    {
      "time_sec": 0.133333,
      "root_offset": [
        -0.020242,
        0.025979,
        -0.024969
      ],
      "local_rotation_matrices": [
        [
          [
            0.9917,
            0.11465,
            0.058187
          ],
          [
            -0.09473,
            0.957559,
            -0.272224
          ],
          [
            -0.086928,
            0.264453,
            0.960473
          ]
        ],
        [
          [
            0.935843,
            -0.256722,
            0.241438
          ],
          [
            0.279118,
            0.958184,
            -0.063057
          ],
          [
            -0.215154,
            0.126401,
            0.968365
          ]
        ],
        [
          [
            0.950225,
            -0.061956,
            -0.305343
          ],
          [
            0.015669,
            0.988291,
            -0.151771
          ],
          [
            0.311171,
            0.139432,
            0.94007
          ]
        ],
        [
          [
            0.995831,
            -0.001081,
            -0.091207
          ],
          [
            0.029322,
            0.950648,
            0.308882
          ],
          [
            0.086372,
            -0.310268,
            0.946717
          ]
        ],
        [
          [
            0.997115,
            0.069786,
            0.029865
          ],
          [
            -0.0745,
            0.82428,
            0.561259
          ],
          [
            0.014551,
            -0.561865,
            0.827101
          ]
        ],
        [
          [
            0.997375,
            -0.070896,
            -0.014692
          ],
          [
            0.065127,
            0.789849,
            0.609834
          ],
          [
            -0.03163,
            -0.609191,
            0.792393
          ]
        ],
        [
          [
            0.984633,
            -0.173463,
            0.020192
          ],
          [
            0.174407,
            0.970863,
            -0.164338
          ],
          [
            0.008903,
            0.165334,
            0.986197
          ]
        ],
        [
          [
            0.880652,
            0.088892,
            -0.465351
          ],
          [
            -0.190809,
            0.965603,
            -0.176646
          ],
          [
            0.433641,
            0.244356,
            0.867321
          ]
        ],
        [
          [
            0.921849,
            -0.097027,
            0.375207
          ],
          [
            0.175283,
            0.967854,
            -0.180371
          ],
          [
            -0.345645,
            0.232042,
            0.909223
          ]
        ],
        [
          [
            0.99987,
            0.00398,
            0.0156
          ],
          [
            -0.007874,
            0.966066,
            0.258176
          ],
          [
            -0.014043,
            -0.258265,
            0.965972
          ]
        ],
        [
          [
            0.776143,
            0.312299,
            0.547788
          ],
          [
            -0.044169,
            0.893529,
            -0.446828
          ],
          [
            -0.629008,
            0.322607,
            0.7073
          ]
        ],
        [
          [
            0.883189,
            -0.303991,
            -0.357163
          ],
          [
            0.153017,
            0.906606,
            -0.393257
          ],
          [
            0.443353,
            0.292669,
            0.847221
          ]
        ],
        [
          [
            0.983198,
            -0.157622,
            0.092068
          ],
          [
            0.112652,
            0.9208,
            0.373413
          ],
          [
            -0.143634,
            -0.356767,
            0.923085
          ]
        ],
        [
          [
            0.919937,
            0.002483,
            0.392058
          ],
          [
            0.117925,
            0.951922,
            -0.282732
          ],
          [
            -0.373911,
            0.306329,
            0.875416
          ]
        ],
        [
          [
            0.909631,
            0.076558,
            -0.408301
          ],
          [
            -0.230932,
            0.910199,
            -0.343814
          ],
          [
            0.345314,
            0.407033,
            0.845625
          ]
        ],
        [
          [
            0.98119,
            0.172746,
            -0.086167
          ],
          [
            -0.177521,
            0.982786,
            -0.051172
          ],
          [
            0.075844,
            0.065506,
            0.994966
          ]
        ],
        [
          [
            0.646985,
            0.314477,
            -0.694633
          ],
          [
            0.465498,
            0.55863,
            0.686472
          ],
          [
            0.603922,
            -0.767488,
            0.215037
          ]
        ],
        [
          [
            0.55298,
            -0.165002,
            0.816693
          ],
          [
            -0.615235,
            0.58014,
            0.533783
          ],
          [
            -0.561872,
            -0.797629,
            0.21929
          ]
        ],
        [
          [
            0.426088,
            0.902126,
            0.067949
          ],
          [
            -0.904565,
            0.426036,
            0.015982
          ],
          [
            -0.014531,
            -0.068274,
            0.997561
          ]
        ],
        [
          [
            0.228707,
            -0.972303,
            -0.048155
          ],
          [
            0.973389,
            0.227671,
            0.026088
          ],
          [
            -0.014402,
            -0.05284,
            0.998499
          ]
        ],
        [
          [
            0.994027,
            0.033393,
            -0.103903
          ],
          [
            -0.039195,
            0.997754,
            -0.054316
          ],
          [
            0.101856,
            0.058064,
            0.993103
          ]
        ],
        [
          [
            0.993224,
            -0.065494,
            0.096005
          ],
          [
            0.072491,
            0.994818,
            -0.071294
          ],
          [
            -0.090838,
            0.07777,
            0.992824
          ]
        ],
        [
          [
            1.0,
            0.0,
            0.0
          ],
          [
            0.0,
            1.0,
            0.0
          ],
          [
            0.0,
            0.0,
            1.0
          ]
        ],
        [
          [
            1.0,
            0.0,
            0.0
          ],
          [
            0.0,
            1.0,
            0.0
          ],
          [
            0.0,
            0.0,
            1.0
          ]
        ]
      ]
    },
    {
      "time_sec": 0.166667,
      "root_offset": [
        -0.023557,
        0.032014,
        -0.028632
      ],
      "local_rotation_matrices": [
        [
          [
            0.990372,
            0.121878,
            0.065636
          ],
          [
            -0.098276,
            0.952972,
            -0.286682
          ],
          [
            -0.09749,
            0.277472,
            0.955775
          ]
        ],
        [
          [
            0.931724,
            -0.272453,
            0.240127
          ],
          [
            0.293426,
            0.954358,
            -0.055698
          ],
          [
            -0.213992,
            0.122354,
            0.969142
          ]
        ],
        [
          [
            0.946151,
            -0.07164,
            -0.3157
          ],
          [
            0.023559,
            0.987858,
            -0.153562
          ],
          [
            0.322868,
            0.137856,
            0.93635
          ]
        ],
        [
          [
            0.994846,
            0.002245,
            -0.101376
          ],
          [
            0.031462,
            0.94358,
            0.329648
          ],
          [
            0.096397,
            -0.331138,
            0.938645
          ]
        ],
        [
          [
            0.997321,
            0.066394,
            0.030717
          ],
          [
            -0.0719,
            0.812146,
            0.579007
          ],
          [
            0.013496,
            -0.579664,
            0.814744
          ]
        ],
        [
          [
            0.997585,
            -0.067697,
            -0.015532
          ],
          [
            0.062412,
            0.775595,
            0.628138
          ],
          [
            -0.030477,
            -0.627591,
            0.777947
          ]
        ],
        [
          [
            0.981608,
            -0.190424,
            0.013613
          ],
          [
            0.189885,
            0.96648,
            -0.172801
          ],
          [
            0.019749,
            0.172207,
            0.984863
          ]
        ],
        [
          [
            0.87634,
            0.085275,
            -0.474084
          ],
          [
            -0.190891,
            0.965103,
            -0.179265
          ],
          [
            0.442254,
            0.247596,
            0.862037
          ]
        ],
        [
          [
            0.921983,
            -0.103333,
            0.373188
          ],
          [
            0.182366,
            0.96604,
            -0.183056
          ],
          [
            -0.341598,
            0.236832,
            0.909517
          ]
        ],
        [
          [
            0.999828,
            0.003331,
            0.018225
          ],
          [
            -0.008059,
            0.96396,
            0.265926
          ],
          [
            -0.016683,
            -0.266027,
            0.963821
          ]
        ],
