{
  "format": "gf5_keyframed_motion",
  "version": 1,
  "name": "HY-Motion: The spectator throws both arms upward and bouncing on their feet  bouncing on the feet, leaning the upper body backward with head tilted up, to celebrate the victory of their favored winner",
  "profile_name": "course_body_24",
  "joint_order": [
    "pelvis",
    "left_hip",
    "right_hip",
    "spine1",
    "left_knee",
    "right_knee",
    "spine2",
    "left_ankle",
    "right_ankle",
    "spine3",
    "left_foot",
    "right_foot",
    "neck",
    "left_collar",
    "right_collar",
    "head",
    "left_shoulder",
    "right_shoulder",
    "left_elbow",
    "right_elbow",
    "left_wrist",
    "right_wrist",
    "left_hand",
    "right_hand"
  ],
  "coordinate_convention": {
    "name": "gf5_viewer_body",
    "up_axis": [
      0.0,
      0.0,
      1.0
    ],
    "forward_axis": [
      0.0,
      1.0,
      0.0
    ],
    "anatomical_right_axis": [
      1.0,
      0.0,
      0.0
    ],
    "native_smpl_to_viewer": "viewer=(-native_x, native_z, native_y)"
  },
  "duration_sec": 5.7,
  "source_class": "hy_motion_import",
  "source_prompt": "The spectator throws both arms upward and bouncing on their feet  bouncing on the feet, leaning the upper body backward with head tilted up, to celebrate the victory of their favored winner",
  "category": "other",
  "category_label": "Other",
  "root_contract": "spot",
  "default_root_mode": "path",
  "exported_at": "2026-06-04T11:16:14",
  "source_asset_name": null,
  "source": {
    "type": "hy_motion_1_0_fbx",
    "fbx_path": "20260603_182609230_17715c35_001.fbx",
    "prompt": "The spectator throws both arms upward and bouncing on their feet  bouncing on the feet, leaning the upper body backward with head tilted up, to celebrate the victory of their favored winner",
    "unit_scale_to_meters": 0.01,
    "native_up_axis": "Y",
    "native_front_axis": "Z"
  },
  "keyframes": [
    {
      "time_sec": 0.0,
      "root_offset": [
        0.0,
        0.0,
        0.0
      ],
      "local_rotation_matrices": [
        [
          [
            0.996431,
            -0.044306,
            -0.071847
          ],
          [
            0.042617,
            0.998782,
            -0.024866
          ],
          [
            0.072861,
            0.021716,
            0.997106
          ]
        ],
        [
          [
            0.999711,
            0.01594,
            0.017974
          ],
          [
            -0.012014,
            0.97962,
            -0.200502
          ],
          [
            -0.020804,
            0.200228,
            0.979528
          ]
        ],
        [
          [
            0.997768,
            0.065787,
            -0.011479
          ],
          [
            -0.065662,
            0.997782,
            0.010937
          ],
          [
            0.012173,
            -0.010159,
            0.999874
          ]
        ],
        [
          [
            0.999994,
            0.001127,
            0.003263
          ],
          [
            -0.001159,
            0.999952,
            0.009699
          ],
          [
            -0.003252,
            -0.009703,
            0.999948
          ]
        ],
        [
          [
            0.99776,
            0.058643,
            0.032183
          ],
          [
            -0.065929,
            0.943522,
            0.324683
          ],
          [
            -0.011325,
            -0.326077,
            0.945275
          ]
        ],
        [
          [
            0.999932,
            -0.001646,
            0.011586
          ],
          [
            0.000632,
            0.996214,
            0.086933
          ],
          [
            -0.011686,
            -0.08692,
            0.996147
          ]
        ],
        [
          [
            0.99809,
            0.046085,
            0.04115
          ],
          [
            -0.046971,
            0.998679,
            0.020832
          ],
          [
            -0.040136,
            -0.022725,
            0.998936
          ]
        ],
        [
          [
            0.970205,
            -0.207294,
            -0.125424
          ],
          [
            0.18954,
            0.971837,
            -0.140028
          ],
          [
            0.150919,
            0.112083,
            0.982172
          ]
        ],
        [
          [
            0.995017,
            0.045693,
            0.088616
          ],
          [
            -0.046147,
            0.99893,
            0.00308
          ],
          [
            -0.08838,
            -0.007154,
            0.996061
          ]
        ],
        [
          [
            0.999234,
            0.010671,
            0.037638
          ],
          [
            -0.014417,
            0.994812,
            0.100706
          ],
          [
            -0.036368,
            -0.101171,
            0.994204
          ]
        ],
        [
          [
            0.893632,
            0.106888,
            0.435887
          ],
          [
            -0.091615,
            0.99422,
            -0.055978
          ],
          [
            -0.439351,
            0.010091,
            0.898259
          ]
        ],
        [
          [
            0.984088,
            -0.063532,
            -0.165937
          ],
          [
            0.013373,
            0.957724,
            -0.287378
          ],
          [
            0.17718,
            0.280586,
            0.943334
          ]
        ],
        [
          [
            0.974109,
            0.176062,
            -0.141824
          ],
          [
            -0.171594,
            0.984218,
            0.043243
          ],
          [
            0.147199,
            -0.017787,
            0.988947
          ]
        ],
        [
          [
            0.790308,
            -0.413598,
            -0.45205
          ],
          [
            0.442726,
            0.89551,
            -0.045331
          ],
          [
            0.423565,
            -0.164309,
            0.89084
          ]
        ],
        [
          [
            0.878288,
            0.221688,
            0.423633
          ],
          [
            -0.223616,
            0.973597,
            -0.045879
          ],
          [
            -0.422619,
            -0.054436,
            0.904671
          ]
        ],
        [
          [
            0.954487,
            -0.230256,
            0.189572
          ],
          [
            0.256304,
            0.958277,
            -0.126546
          ],
          [
            -0.152524,
            0.169374,
            0.973678
          ]
        ],
        [
          [
            0.431346,
            0.144509,
            -0.890538
          ],
          [
            -0.237573,
            0.970444,
            0.042403
          ],
          [
            0.870344,
            0.193278,
            0.452929
          ]
        ],
        [
          [
            0.488933,
            0.014591,
            0.872199
          ],
          [
            0.123493,
            0.988632,
            -0.085766
          ],
          [
            -0.863536,
            0.149644,
            0.481573
          ]
        ],
        [
          [
            0.997284,
            0.073658,
            -0.000306
          ],
          [
            -0.068331,
            0.926707,
            0.369521
          ],
          [
            0.027502,
            -0.368496,
            0.929222
          ]
        ],
        [
          [
            0.992358,
            -0.108374,
            -0.058999
          ],
          [
            0.123352,
            0.883503,
            0.451892
          ],
          [
            0.003152,
            -0.455717,
            0.890119
          ]
        ],
        [
          [
            0.834251,
            0.549172,
            0.049356
          ],
          [
            -0.485836,
            0.689793,
            0.536795
          ],
          [
            0.260747,
            -0.471801,
            0.842268
          ]
        ],
        [
          [
            0.901245,
            -0.425781,
            0.080417
          ],
          [
            0.41756,
            0.902981,
            0.101335
          ],
          [
            -0.115761,
            -0.057749,
            0.991597
          ]
        ],
        [
          [
            1.0,
            0.0,
            0.0
          ],
          [
            0.0,
            1.0,
            0.0
          ],
          [
            0.0,
            0.0,
            1.0
          ]
        ],
        [
          [
            1.0,
            0.0,
            0.0
          ],
          [
            0.0,
            1.0,
            0.0
          ],
          [
            0.0,
            0.0,
            1.0
          ]
        ]
      ]
    },
    {
      "time_sec": 0.033333,
      "root_offset": [
        0.000587,
        0.002068,
        0.000231
      ],
      "local_rotation_matrices": [
        [
          [
            0.996571,
            -0.038019,
            -0.073485
          ],
          [
            0.036216,
            0.999013,
            -0.025724
          ],
          [
            0.07439,
            0.022975,
            0.996964
          ]
        ],
        [
          [
            0.999661,
            0.015372,
            0.021
          ],
          [
            -0.010912,
            0.980146,
            -0.197978
          ],
          [
            -0.023627,
            0.197682,
            0.979981
          ]
        ],
        [
          [
            0.997818,
            0.065361,
            -0.00937
          ],
          [
            -0.065227,
            0.997772,
            0.014033
          ],
          [
            0.010266,
            -0.013391,
            0.999858
          ]
        ],
        [
          [
            0.999993,
            0.000948,
            0.003621
          ],
          [
            -0.000985,
            0.999948,
            0.01011
          ],
          [
            -0.003612,
            -0.010114,
            0.999942
          ]
        ],
        [
          [
            0.997964,
            0.055702,
            0.031062
          ],
          [
            -0.062771,
            0.94404,
            0.323804
          ],
          [
            -0.011287,
            -0.325095,
            0.945614
          ]
        ],
        [
          [
            0.999928,
            -0.004577,
            0.011097
          ],
          [
            0.003631,
            0.996474,
            0.083826
          ],
          [
            -0.011441,
            -0.08378,
            0.996419
          ]
        ],
        [
          [
            0.99809,
            0.046832,
            0.040295
          ],
          [
            -0.047647,
            0.998674,
            0.01951
          ],
          [
            -0.039328,
            -0.021392,
            0.998997
          ]
        ],
        [
          [
            0.969587,
            -0.210085,
            -0.125559
          ],
          [
            0.192089,
            0.971118,
            -0.141535
          ],
          [
            0.151667,
            0.113112,
            0.981938
          ]
        ],
        [
          [
            0.995193,
            0.042671,
            0.088152
          ],
          [
            -0.043248,
            0.999054,
            0.004646
          ],
          [
            -0.08787,
            -0.008436,
            0.996096
          ]
        ],
        [
          [
            0.999222,
            0.011357,
            0.037758
          ],
          [
            -0.015051,
            0.994972,
            0.09902
          ],
          [
            -0.036444,
            -0.099511,
            0.994369
          ]
        ],
        [
          [
            0.893463,
            0.106857,
            0.43624
          ],
          [
            -0.09137,
            0.994219,
            -0.056399
          ],
          [
            -0.439744,
            0.010531,
            0.898061
          ]
        ],
        [
          [
            0.9841,
            -0.062729,
            -0.166169
          ],
          [
            0.012894,
            0.95832,
            -0.285407
          ],
          [
            0.177146,
            0.278726,
            0.943891
          ]
        ],
        [
          [
            0.974288,
            0.174512,
            -0.142509
          ],
          [
            -0.169957,
            0.984485,
            0.043628
          ],
          [
            0.147912,
            -0.018285,
            0.988831
          ]
        ],
        [
          [
            0.791228,
            -0.413049,
            -0.450942
          ],
          [
            0.442158,
            0.895821,
            -0.04473
          ],
          [
            0.42244,
            -0.163996,
            0.891431
          ]
        ],
        [
          [
            0.877459,
            0.221917,
            0.425228
          ],
          [
            -0.224976,
            0.973382,
            -0.043748
          ],
          [
            -0.423617,
            -0.057279,
            0.904029
          ]
        ],
        [
          [
            0.954108,
            -0.2311,
            0.190447
          ],
          [
            0.257072,
            0.958265,
            -0.125073
          ],
          [
            -0.153595,
            0.168292,
            0.973697
          ]
        ],
        [
          [
            0.431825,
            0.144376,
            -0.890327
          ],
          [
            -0.238333,
            0.970286,
            0.041747
          ],
          [
            0.869899,
            0.194167,
            0.453403
          ]
        ],
        [
          [
            0.488728,
            0.015455,
            0.872299
          ],
          [
            0.123859,
            0.988487,
            -0.086908
          ],
          [
            -0.863599,
            0.150516,
            0.481187
          ]
        ],
        [
          [
            0.99704,
            0.076887,
            -0.000302
          ],
          [
            -0.071248,
            0.925382,
            0.372278
          ],
          [
            0.028902,
            -0.371155,
            0.928121
          ]
        ],
        [
          [
            0.99231,
            -0.109005,
            -0.058648
          ],
          [
            0.123761,
            0.882312,
            0.454102
          ],
          [
            0.002246,
            -0.457868,
            0.889017
          ]
        ],
        [
          [
            0.835385,
            0.547296,
            0.050975
          ],
          [
            -0.484613,
            0.689583,
            0.538169
          ],
          [
            0.259386,
            -0.474282,
            0.841294
          ]
        ],
        [
          [
            0.901371,
            -0.425385,
            0.081108
          ],
          [
            0.416756,
            0.902999,
            0.104437
          ],
          [
            -0.117667,
            -0.060334,
            0.991219
          ]
        ],
        [
          [
            1.0,
            0.0,
            0.0
          ],
          [
            0.0,
            1.0,
            0.0
          ],
          [
            0.0,
            0.0,
            1.0
          ]
        ],
        [
          [
            1.0,
            0.0,
            0.0
          ],
          [
            0.0,
            1.0,
            0.0
          ],
          [
            0.0,
            0.0,
            1.0
          ]
        ]
      ]
    },
    {
      "time_sec": 0.066667,
      "root_offset": [
        0.000683,
        0.00329,
        0.000462
      ],
      "local_rotation_matrices": [
        [
          [
            0.99671,
            -0.029385,
            -0.075535
          ],
          [
            0.027451,
            0.999271,
            -0.026512
          ],
          [
            0.076259,
            0.024351,
            0.996791
          ]
        ],
        [
          [
            0.999565,
            0.01467,
            0.02557
          ],
          [
            -0.009421,
            0.980861,
            -0.19448
          ],
          [
            -0.027934,
            0.194154,
            0.980573
          ]
        ],
        [
          [
            0.997865,
            0.064993,
            -0.006487
          ],
          [
            -0.06487,
            0.997737,
            0.017686
          ],
          [
            0.007621,
            -0.017227,
            0.999823
          ]
        ],
        [
          [
            0.99999,
            0.000743,
            0.004374
          ],
          [
            -0.000791,
            0.999941,
            0.010839
          ],
          [
            -0.004366,
            -0.010842,
            0.999932
          ]
        ],
        [
          [
            0.998305,
            0.050588,
            0.028769
          ],
          [
            -0.057173,
            0.944843,
            0.322493
          ],
          [
            -0.010868,
            -0.323592,
            0.946134
          ]
        ],
        [
          [
            0.999906,
            -0.008601,
            0.010662
          ],
          [
            0.007727,
            0.996808,
            0.079456
          ],
          [
            -0.011311,
            -0.079366,
            0.996781
          ]
        ],
        [
          [
            0.998109,
            0.047834,
            0.038597
          ],
          [
            -0.048532,
            0.998671,
            0.017369
          ],
          [
            -0.037715,
            -0.019209,
            0.999104
          ]
        ],
        [
          [
            0.969033,
            -0.212419,
            -0.125912
          ],
          [
            0.194137,
            0.970476,
            -0.143134
          ],
          [
            0.152598,
            0.114257,
            0.981661
          ]
        ],
        [
          [
            0.995396,
            0.038683,
            0.087699
          ],
          [
            -0.039408,
            0.999202,
            0.006552
          ],
          [
            -0.087375,
            -0.009978,
            0.996125
          ]
        ],
        [
          [
            0.999205,
            0.012316,
            0.037914
          ],
          [
            -0.015928,
            0.995206,
            0.096497
          ],
          [
            -0.036543,
            -0.097024,
            0.994611
          ]
        ],
        [
          [
            0.893433,
            0.107425,
            0.436162
          ],
          [
            -0.091386,
            0.994145,
            -0.05766
          ],
          [
            -0.439802,
            0.011656,
            0.898019
          ]
        ],
        [
          [
            0.984093,
            -0.061956,
            -0.166499
          ],
          [
            0.012596,
            0.959192,
            -0.282475
          ],
          [
            0.177205,
            0.275885,
            0.944715
          ]
        ],
        [
          [
            0.974463,
            0.172361,
            -0.143924
          ],
          [
            -0.167713,
            0.984857,
            0.043918
          ],
          [
            0.149314,
            -0.018659,
            0.988614
          ]
        ],
        [
          [
            0.792454,
            -0.411998,
            -0.449749
          ],
          [
            0.441471,
            0.896238,
            -0.04314
          ],
          [
            0.420855,
            -0.164365,
            0.892113
          ]
        ],
        [
          [
            0.876577,
            0.22154,
            0.427239
          ],
          [
            -0.226212,
            0.973234,
            -0.040536
          ],
          [
            -0.424784,
            -0.061114,
            0.903229
          ]
        ],
        [
          [
            0.953532,
            -0.232086,
            0.192126
          ],
          [
            0.257924,
            0.958383,
            -0.122377
          ],
          [
            -0.155729,
            0.166245,
            0.97371
          ]
        ],
        [
          [
            0.432635,
            0.14446,
            -0.88992
          ],
          [
            -0.240038,
            0.969908,
            0.04075
          ],
          [
            0.869027,
            0.195985,
            0.454292
          ]
        ],
        [
          [
            0.48843,
            0.017149,
            0.872434
          ],
          [
            0.124296,
            0.988245,
            -0.089012
          ],
          [
            -0.863705,
            0.151916,
            0.480557
          ]
        ],
        [
          [
            0.996525,
            0.083289,
            -0.000428
          ],
          [
            -0.077002,
            0.923239,
            0.376431
          ],
          [
            0.031748,
            -0.37509,
            0.926444
          ]
        ],
        [
          [
            0.992185,
            -0.110272,
            -0.058396
          ],
          [
            0.124775,
            0.880724,
            0.456898
          ],
          [
            0.001047,
            -0.460613,
            0.8876
          ]
        ],
        [
          [
            0.838642,
            0.542061,
            0.053384
          ],
          [
            -0.481044,
            0.691119,
            0.539399
          ],
          [
            0.255493,
            -0.478043,
            0.840356
          ]
        ],
        [
          [
            0.901861,
            -0.424163,
            0.08205
          ],
          [
            0.414749,
            0.903209,
            0.110439
          ],
          [
            -0.120952,
            -0.06557,
            0.99049
          ]
        ],
        [
          [
            1.0,
            0.0,
            0.0
          ],
          [
            0.0,
            1.0,
            0.0
          ],
          [
            0.0,
            0.0,
            1.0
          ]
        ],
        [
          [
            1.0,
            0.0,
            0.0
          ],
          [
            0.0,
            1.0,
            0.0
          ],
          [
            0.0,
            0.0,
            1.0
          ]
        ]
      ]
    },
    {
      "time_sec": 0.1,
      "root_offset": [
        0.001033,
        0.004171,
        0.000699
      ],
      "local_rotation_matrices": [
        [
          [
            0.996792,
            -0.021189,
            -0.077181
          ],
          [
            0.019164,
            0.999455,
            -0.026888
          ],
          [
            0.077709,
            0.025323,
            0.996654
          ]
        ],
        [
          [
            0.999438,
            0.013998,
            0.030464
          ],
          [
            -0.007927,
            0.981568,
            -0.190951
          ],
          [
            -0.032575,
            0.190602,
            0.981127
          ]
        ],
        [
          [
            0.997892,
            0.064788,
            -0.003773
          ],
          [
            -0.064697,
            0.997692,
            0.020629
          ],
          [
            0.005101,
            -0.020341,
            0.99978
          ]
        ],
        [
          [
            0.999985,
            0.000533,
            0.005492
          ],
          [
            -0.000598,
            0.99993,
            0.011799
          ],
          [
            -0.005485,
            -0.011802,
            0.999915
          ]
        ],
        [
          [
            0.998694,
            0.044277,
            0.025485
          ],
          [
            -0.050117,
            0.945867,
            0.320662
          ],
          [
            -0.009908,
            -0.321521,
            0.946851
          ]
        ],
        [
          [
            0.999868,
            -0.012421,
            0.010465
          ],
          [
            0.0116,
            0.9971,
            0.075211
          ],
          [
            -0.011369,
            -0.075079,
            0.997113
          ]
        ],
        [
          [
            0.998159,
            0.048827,
            0.035978
          ],
          [
            -0.049392,
            0.998667,
            0.014983
          ],
          [
            -0.035199,
            -0.016732,
            0.99924
          ]
        ],
        [
          [
            0.968953,
            -0.212492,
            -0.126399
          ],
          [
            0.194051,
            0.970396,
            -0.143794
          ],
          [
            0.153212,
            0.114802,
            0.981502
          ]
        ],
        [
          [
            0.995542,
            0.035276,
            0.087469
          ],
          [
            -0.03613,
            0.999313,
            0.008199
          ],
          [
            -0.08712,
            -0.011322,
            0.996133
          ]
        ],
        [
          [
            0.999195,
            0.013275,
            0.037871
          ],
          [
            -0.016766,
            0.995486,
            0.093414
          ],
          [
            -0.03646,
            -0.093974,
            0.994907
          ]
        ],
        [
          [
            0.893764,
            0.108583,
            0.435196
          ],
          [
            -0.09176,
            0.993998,
            -0.059558
          ],
          [
            -0.439051,
            0.013298,
            0.898364
          ]
        ],
        [
          [
            0.984044,
            -0.061628,
            -0.166914
          ],
          [
            0.012769,
            0.960141,
            -0.279224
          ],
          [
            0.177469,
            0.272637,
            0.945608
          ]
        ],
        [
          [
            0.974518,
            0.170114,
            -0.146205
          ],
          [
            -0.165351,
            0.985243,
            0.044224
          ],
          [
            0.15157,
            -0.018922,
            0.988265
          ]
        ],
        [
          [
            0.793677,
            -0.410475,
            -0.448984
          ],
          [
            0.440904,
            0.896647,
            -0.040349
          ],
          [
            0.419142,
            -0.165935,
            0.892628
          ]
        ],
        [
          [
            0.875843,
            0.220351,
            0.429354
          ],
          [
            -0.226896,
            0.97323,
            -0.036629
          ],
          [
            -0.425932,
            -0.065337,
            0.902393
          ]
        ],
        [
          [
            0.952912,
            -0.232421,
            0.194782
          ],
          [
            0.258091,
            0.958823,
            -0.118526
          ],
          [
            -0.159213,
            0.163217,
            0.973659
          ]
        ],
        [
          [
            0.4334,
            0.144798,
            -0.889493
          ],
          [
            -0.242877,
            0.969255,
            0.039442
          ],
          [
            0.867857,
            0.198943,
            0.455243
          ]
        ],
        [
          [
            0.48783,
            0.019618,
            0.872718
          ],
          [
            0.12501,
            0.987873,
            -0.092084
          ],
          [
            -0.863941,
            0.15402,
            0.479462
          ]
        ],
        [
          [
            0.995769,
            0.091891,
            -0.000715
          ],
          [
            -0.084672,
            0.920509,
            0.381435
          ],
          [
            0.035709,
            -0.379761,
            0.924395
          ]
        ],
        [
          [
            0.991976,
            -0.112214,
            -0.058244
          ],
          [
            0.126429,
            0.879237,
            0.459302
          ],
          [
            -0.000329,
            -0.46298,
            0.886369
          ]
        ],
        [
          [
            0.843423,
            0.534293,
            0.056295
          ],
          [
            -0.475961,
            0.69449,
            0.539578
          ],
          [
            0.249196,
            -0.481886,
            0.840052
          ]
        ],
        [
          [
            0.902703,
            -0.422123,
            0.083302
          ],
          [
            0.41171,
            0.903674,
            0.117764
          ],
          [
            -0.124989,
            -0.072009,
            0.989541
          ]
        ],
        [
          [
            1.0,
            0.0,
            0.0
          ],
          [
            0.0,
            1.0,
            0.0
          ],
          [
            0.0,
            0.0,
            1.0
          ]
        ],
        [
          [
            1.0,
            0.0,
            0.0
          ],
          [
            0.0,
            1.0,
            0.0
          ],
          [
            0.0,
            0.0,
            1.0
          ]
        ]
      ]
    },
    {
      "time_sec": 0.133333,
      "root_offset": [
        0.001821,
        0.00488,
        0.000941
      ],
      "local_rotation_matrices": [
        [
          [
            0.996841,
            -0.015042,
            -0.077984
          ],
          [
            0.012966,
            0.99955,
            -0.027065
          ],
          [
            0.078356,
            0.025969,
            0.996587
          ]
        ],
        [
          [
            0.999312,
            0.013299,
            0.03462
          ],
          [
            -0.006569,
            0.982207,
            -0.187685
          ],
          [
            -0.0365,
            0.187329,
            0.981619
          ]
        ],
        [
          [
            0.997913,
            0.064542,
            -0.00183
          ],
          [
            -0.064484,
            0.997659,
            0.022752
          ],
          [
            0.003294,
            -0.022587,
            0.999739
          ]
        ],
        [
          [
            0.999977,
            0.000354,
            0.00675
          ],
          [
            -0.000439,
            0.999919,
            0.012692
          ],
          [
            -0.006745,
            -0.012695,
            0.999897
          ]
        ],
        [
          [
            0.99902,
            0.038381,
            0.022052
          ],
          [
            -0.043407,
            0.947057,
            0.318116
          ],
          [
            -0.008675,
            -0.318762,
            0.947795
          ]
        ],
        [
          [
            0.999828,
            -0.015336,
            0.01044
          ],
          [
            0.014546,
            0.997305,
            0.071911
          ],
          [
            -0.011515,
            -0.071747,
            0.997356
          ]
        ],
        [
          [
            0.998233,
            0.0496,
            0.032708
          ],
          [
            -0.050046,
            0.998663,
            0.012957
          ],
          [
            -0.032022,
            -0.014571,
            0.999381
          ]
        ],
        [
          [
            0.96931,
            -0.210636,
            -0.126772
          ],
          [
            0.192226,
            0.970833,
            -0.143293
          ],
          [
            0.153257,
            0.114527,
            0.981527
          ]
        ],
        [
          [
            0.995618,
            0.033089,
            0.087466
          ],
          [
            -0.034028,
            0.999378,
            0.00927
          ],
          [
            -0.087105,
            -0.012205,
            0.996124
          ]
        ],
        [
          [
            0.999197,
            0.014095,
            0.037514
          ],
          [
            -0.017422,
            0.995799,
            0.089896
          ],
          [
            -0.03609,
            -0.090478,
            0.995244
          ]
        ],
        [
          [
            0.894454,
            0.109848,
            0.433458
          ],
          [
            -0.092351,
            0.993838,
            -0.061293
          ],
          [
            -0.43752,
            0.014793,
            0.899087
          ]
        ],
        [
          [
            0.983961,
            -0.061718,
            -0.167367
          ],
          [
            0.013328,
            0.961054,
            -0.276038
          ],
          [
            0.177885,
            0.269379,
            0.946463
          ]
        ],
        [
          [
            0.974431,
            0.168011,
            -0.149184
          ],
          [
            -0.16308,
            0.985596,
            0.044782
          ],
          [
            0.154559,
            -0.019308,
            0.987795
          ]
        ],
        [
          [
            0.794775,
            -0.408586,
            -0.448765
          ],
          [
            0.440534,
            0.896994,
            -0.036486
          ],
          [
            0.417447,
            -0.168698,
            0.892905
          ]
        ],
        [
          [
            0.87516,
            0.218844,
            0.431512
          ],
          [
            -0.227499,
            0.973246,
            -0.032193
          ],
          [
            -0.427012,
            -0.069995,
            0.901533
          ]
        ],
        [
          [
            0.952382,
            -0.231533,
            0.198398
          ],
          [
            0.256987,
            0.959711,
            -0.113635
          ],
          [
            -0.164095,
            0.159209,
            0.973512
          ]
        ],
        [
          [
            0.433803,
            0.145357,
            -0.889206
          ],
          [
            -0.246787,
            0.968329,
            0.037895
          ],
          [
            0.866552,
            0.203005,
            0.455935
          ]
        ],
        [
          [
            0.486522,
            0.022408,
            0.873381
          ],
          [
            0.126594,
            0.987313,
            -0.095851
          ],
          [
            -0.864448,
            0.157199,
            0.477513
          ]
        ],
        [
          [
            0.994939,
            0.100479,
            -0.001074
          ],
          [
            -0.092232,
            0.917423,
            0.387076
          ],
          [
            0.039878,
            -0.385018,
            0.922047
          ]
        ],
        [
          [
            0.991717,
            -0.1145,
            -0.058207
          ],
          [
            0.128435,
            0.87803,
            0.461051
          ],
          [
            -0.001682,
            -0.464707,
            0.885463
          ]
        ],
        [
          [
            0.847966,
            0.526672,
            0.059745
          ],
          [
            -0.471551,
            0.698098,
            0.538794
          ],
          [
            0.24206,
            -0.485052,
            0.840316
          ]
        ],
        [
          [
            0.903731,
            -0.419601,
            0.084887
          ],
          [
            0.408255,
            0.904395,
            0.124085
          ],
          [
            -0.128837,
            -0.077484,
            0.988634
          ]
        ],
        [
          [
            1.0,
            0.0,
            0.0
          ],
          [
            0.0,
            1.0,
            0.0
          ],
          [
            0.0,
            0.0,
            1.0
          ]
        ],
        [
          [
            1.0,
            0.0,
            0.0
          ],
          [
            0.0,
            1.0,
            0.0
          ],
          [
            0.0,
            0.0,
            1.0
          ]
        ]
      ]
    },
    {
      "time_sec": 0.166667,
      "root_offset": [
        0.00287,
        0.005383,
        0.001181
      ],
      "local_rotation_matrices": [
        [
          [
            0.996887,
            -0.010912,
            -0.078082
          ],
          [
            0.008807,
            0.99959,
            -0.027257
          ],
          [
            0.078347,
            0.026485,
            0.996574
          ]
        ],
        [
          [
            0.999207,
            0.012677,
            0.037732
          ],
          [
            -0.005508,
            0.982844,
            -0.184355
          ],
          [
            -0.039421,
            0.184001,
            0.982135
          ]
        ],
        [
          [
            0.997935,
            0.064227,
            -0.000568
          ],
          [
            -0.064193,
            0.99763,
            0.02478
          ],
          [
            0.002158,
            -0.024692,
            0.999693
          ]
        ],
        [
          [
            0.999968,
            0.000293,
            0.007973
          ],
          [
            -0.000399,
            0.99991,
            0.013393
          ],
          [
            -0.007968,
            -0.013395,
            0.999878
          ]
        ],
        [
          [
            0.999255,
            0.033549,
            0.019077
          ],
          [
            -0.037851,
            0.948442,
            0.314682
          ],
          [
            -0.007536,
            -0.315169,
            0.949006
          ]
        ],
        [
          [
            0.999795,
            -0.017373,
            0.010433
          ],
          [
            0.016609,
            0.99746,
            0.069262
          ],
          [
            -0.01161,
            -0.069074,
            0.997544
          ]
        ],
        [
          [
            0.998322,
            0.050043,
            0.029149
          ],
          [
            -0.050396,
            0.998663,
            0.011492
          ],
          [
            -0.028535,
            -0.012941,
            0.999509
          ]
        ],
        [
          [
            0.969871,
            -0.207966,
            -0.126891
          ],
          [
            0.189743,
            0.971514,
            -0.141978
          ],
          [
            0.152803,
            0.113623,
            0.981703
          ]
        ],
        [
          [
            0.995645,
            0.031982,
            0.087574
          ],
          [
            -0.032972,
            0.999407,
            0.009874
