{
  "format": "gf5_keyframed_motion",
  "version": 1,
  "name": "HY-Motion: The fighter pivots on the lead foot, spins the body 180 degrees while lifting the rear knee, then whips the lower leg around in a wide horizontal arc to strike with the heel. After impact, the kicking leg continues its momentum to land forward, and the fighter immediately squares up the hips and raises both arms to guard the head",
  "profile_name": "course_body_24",
  "joint_order": [
    "pelvis",
    "left_hip",
    "right_hip",
    "spine1",
    "left_knee",
    "right_knee",
    "spine2",
    "left_ankle",
    "right_ankle",
    "spine3",
    "left_foot",
    "right_foot",
    "neck",
    "left_collar",
    "right_collar",
    "head",
    "left_shoulder",
    "right_shoulder",
    "left_elbow",
    "right_elbow",
    "left_wrist",
    "right_wrist",
    "left_hand",
    "right_hand"
  ],
  "coordinate_convention": {
    "name": "gf5_viewer_body",
    "up_axis": [
      0.0,
      0.0,
      1.0
    ],
    "forward_axis": [
      0.0,
      1.0,
      0.0
    ],
    "anatomical_right_axis": [
      1.0,
      0.0,
      0.0
    ],
    "native_smpl_to_viewer": "viewer=(-native_x, native_z, native_y)"
  },
  "duration_sec": 5.533333,
  "source_class": "hy_motion_import",
  "source_prompt": "The fighter pivots on the lead foot, spins the body 180 degrees while lifting the rear knee, then whips the lower leg around in a wide horizontal arc to strike with the heel. After impact, the kicking leg continues its momentum to land forward, and the fighter immediately squares up the hips and raises both arms to guard the head",
  "category": "other",
  "category_label": "Other",
  "root_contract": "scene_path",
  "default_root_mode": "path",
  "exported_at": "2026-06-04T11:39:55",
  "source_asset_name": null,
  "source": {
    "type": "hy_motion_1_0_fbx",
    "fbx_path": "20260603_183800632_565211a5_000.fbx",
    "prompt": "The fighter pivots on the lead foot, spins the body 180 degrees while lifting the rear knee, then whips the lower leg around in a wide horizontal arc to strike with the heel. After impact, the kicking leg continues its momentum to land forward, and the fighter immediately squares up the hips and raises both arms to guard the head",
    "unit_scale_to_meters": 0.01,
    "native_up_axis": "Y",
    "native_front_axis": "Z"
  },
  "keyframes": [
    {
      "time_sec": 0.0,
      "root_offset": [
        0.0,
        0.0,
        0.0
      ],
      "local_rotation_matrices": [
        [
          [
            0.826853,
            -0.122544,
            0.548905
          ],
          [
            0.044369,
            0.987145,
            0.153545
          ],
          [
            -0.560665,
            -0.102605,
            0.821661
          ]
        ],
        [
          [
            0.723649,
            0.019568,
            0.689891
          ],
          [
            0.124204,
            0.979586,
            -0.158068
          ],
          [
            -0.6789,
            0.200073,
            0.706446
          ]
        ],
        [
          [
            0.760065,
            0.093645,
            -0.643064
          ],
          [
            -0.329786,
            0.908252,
            -0.257526
          ],
          [
            0.559948,
            0.40781,
            0.721214
          ]
        ],
        [
          [
            0.99939,
            0.003977,
            -0.034681
          ],
          [
            -0.007234,
            0.995517,
            -0.094305
          ],
          [
            0.034151,
            0.094499,
            0.994939
          ]
        ],
        [
          [
            0.99676,
            -0.074289,
            -0.030826
          ],
          [
            0.076082,
            0.995187,
            0.061755
          ],
          [
            0.02609,
            -0.0639,
            0.997615
          ]
        ],
        [
          [
            0.999811,
            0.017122,
            0.009221
          ],
          [
            -0.018403,
            0.9863,
            0.163931
          ],
          [
            -0.006288,
            -0.16407,
            0.986429
          ]
        ],
        [
          [
            0.997232,
            0.00298,
            -0.074286
          ],
          [
            -0.010011,
            0.995478,
            -0.094462
          ],
          [
            0.073668,
            0.094944,
            0.992753
          ]
        ],
        [
          [
            0.918396,
            -0.049684,
            -0.392532
          ],
          [
            0.151625,
            0.960541,
            0.233176
          ],
          [
            0.365458,
            -0.273665,
            0.88969
          ]
        ],
        [
          [
            0.965733,
            0.087629,
            0.244299
          ],
          [
            -0.125053,
            0.981916,
            0.142135
          ],
          [
            -0.227426,
            -0.167815,
            0.959227
          ]
        ],
        [
          [
            0.998207,
            0.056747,
            0.019038
          ],
          [
            -0.059444,
            0.977098,
            0.204316
          ],
          [
            -0.007008,
            -0.205082,
            0.97872
          ]
        ],
        [
          [
            0.884107,
            0.196954,
            0.42375
          ],
          [
            -0.106687,
            0.967962,
            -0.227306
          ],
          [
            -0.454942,
            0.155754,
            0.876794
          ]
        ],
        [
          [
            0.862819,
            -0.033778,
            -0.504383
          ],
          [
            -0.094849,
            0.969227,
            -0.227162
          ],
          [
            0.496535,
            0.24384,
            0.833064
          ]
        ],
        [
          [
            0.966092,
            -0.189008,
            -0.175906
          ],
          [
            0.226837,
            0.946735,
            0.228555
          ],
          [
            0.123338,
            -0.260707,
            0.957507
          ]
        ],
        [
          [
            0.927311,
            -0.310433,
            0.209105
          ],
          [
            0.290801,
            0.949271,
            0.119663
          ],
          [
            -0.235645,
            -0.050157,
            0.970544
          ]
        ],
        [
          [
            0.97376,
            0.200008,
            -0.108577
          ],
          [
            -0.225008,
            0.917633,
            -0.3276
          ],
          [
            0.034111,
            0.343435,
            0.938557
          ]
        ],
        [
          [
            0.890089,
            -0.415951,
            -0.18635
          ],
          [
            0.396654,
            0.908307,
            -0.132834
          ],
          [
            0.224515,
            0.044318,
            0.973462
          ]
        ],
        [
          [
            0.24547,
            0.355885,
            -0.901715
          ],
          [
            -0.385002,
            0.88946,
            0.246241
          ],
          [
            0.889673,
            0.286717,
            0.355352
          ]
        ],
        [
          [
            0.579154,
            -0.496889,
            0.646283
          ],
          [
            0.663545,
            0.747879,
            -0.019623
          ],
          [
            -0.473591,
            0.440203,
            0.762845
          ]
        ],
        [
          [
            0.966453,
            -0.217061,
            0.137305
          ],
          [
            0.184107,
            0.958215,
            0.218926
          ],
          [
            -0.179088,
            -0.186303,
            0.966032
          ]
        ],
        [
          [
            -0.258633,
            -0.965013,
            -0.043123
          ],
          [
            0.85404,
            -0.249294,
            0.456582
          ],
          [
            -0.451358,
            0.081259,
            0.888635
          ]
        ],
        [
          [
            0.963057,
            -0.088893,
            -0.254201
          ],
          [
            0.118928,
            0.987302,
            0.105311
          ],
          [
            0.241612,
            -0.131653,
            0.961401
          ]
        ],
        [
          [
            0.810859,
            0.294821,
            0.505558
          ],
          [
            -0.269263,
            0.95492,
            -0.125003
          ],
          [
            -0.519621,
            -0.034769,
            0.853689
          ]
        ],
        [
          [
            1.0,
            0.0,
            0.0
          ],
          [
            0.0,
            1.0,
            0.0
          ],
          [
            0.0,
            0.0,
            1.0
          ]
        ],
        [
          [
            1.0,
            0.0,
            0.0
          ],
          [
            0.0,
            1.0,
            0.0
          ],
          [
            0.0,
            0.0,
            1.0
          ]
        ]
      ]
    },
    {
      "time_sec": 0.033333,
      "root_offset": [
        -0.000575,
        -0.005259,
        0.000916
      ],
      "local_rotation_matrices": [
        [
          [
            0.835955,
            -0.13144,
            0.532825
          ],
          [
            0.053902,
            0.985865,
            0.158632
          ],
          [
            -0.546144,
            -0.103889,
            0.831224
          ]
        ],
        [
          [
            0.753211,
            0.020586,
            0.657457
          ],
          [
            0.129052,
            0.97546,
            -0.17839
          ],
          [
            -0.644995,
            0.219212,
            0.73207
          ]
        ],
        [
          [
            0.773538,
            0.094191,
            -0.626712
          ],
          [
            -0.319786,
            0.91178,
            -0.25767
          ],
          [
            0.547153,
            0.399731,
            0.735417
          ]
        ],
        [
          [
            0.998999,
            0.004646,
            -0.044496
          ],
          [
            -0.009401,
            0.994188,
            -0.107251
          ],
          [
            0.043739,
            0.107562,
            0.993236
          ]
        ],
        [
          [
            0.996012,
            -0.080379,
            -0.038728
          ],
          [
            0.084532,
            0.989005,
            0.121337
          ],
          [
            0.02855,
            -0.124127,
            0.991856
          ]
        ],
        [
          [
            0.99929,
            0.034786,
            0.014485
          ],
          [
            -0.036625,
            0.987019,
            0.156373
          ],
          [
            -0.008857,
            -0.156793,
            0.987592
          ]
        ],
        [
          [
            0.997477,
            0.001617,
            -0.070965
          ],
          [
            -0.008205,
            0.995665,
            -0.092645
          ],
          [
            0.070507,
            0.092994,
            0.993167
          ]
        ],
        [
          [
            0.910157,
            -0.059719,
            -0.409937
          ],
          [
            0.159334,
            0.963898,
            0.213339
          ],
          [
            0.382397,
            -0.259489,
            0.886814
          ]
        ],
        [
          [
            0.970775,
            0.083098,
            0.225147
          ],
          [
            -0.117481,
            0.982596,
            0.143885
          ],
          [
            -0.209272,
            -0.16613,
            0.963642
          ]
        ],
        [
          [
            0.998359,
            0.055241,
            0.015066
          ],
          [
            -0.057117,
            0.979303,
            0.194171
          ],
          [
            -0.004029,
            -0.194713,
            0.980852
          ]
        ],
        [
          [
            0.875512,
            0.204301,
            0.43788
          ],
          [
            -0.118886,
            0.969438,
            -0.214605
          ],
          [
            -0.468342,
            0.135832,
            0.873044
          ]
        ],
        [
          [
            0.875961,
            -0.025815,
            -0.48169
          ],
          [
            -0.103061,
            0.965494,
            -0.239163
          ],
          [
            0.471243,
            0.259141,
            0.843075
          ]
        ],
        [
          [
            0.972919,
            -0.166314,
            -0.160525
          ],
          [
            0.201613,
            0.950252,
            0.23743
          ],
          [
            0.113051,
            -0.263364,
            0.958049
          ]
        ],
        [
          [
            0.923634,
            -0.334765,
            0.186637
          ],
          [
            0.315108,
            0.940458,
            0.127457
          ],
          [
            -0.218192,
            -0.058913,
            0.974126
          ]
        ],
        [
          [
            0.978174,
            0.172126,
            -0.116401
          ],
          [
            -0.200804,
            0.927073,
            -0.316565
          ],
          [
            0.053423,
            0.333029,
            0.941402
          ]
        ],
        [
          [
            0.905201,
            -0.390714,
            -0.167197
          ],
          [
            0.371624,
            0.918574,
            -0.134602
          ],
          [
            0.206174,
            0.059708,
            0.976692
          ]
        ],
        [
          [
            0.233486,
            0.39102,
            -0.890274
          ],
          [
            -0.396267,
            0.874364,
            0.280106
          ],
          [
            0.887951,
            0.287385,
            0.359101
          ]
        ],
        [
          [
            0.547126,
            -0.494228,
            0.675568
          ],
          [
            0.655485,
            0.754905,
            0.021409
          ],
          [
            -0.52057,
            0.431111,
            0.736987
          ]
        ],
        [
          [
            0.972291,
            -0.185544,
            0.142213
          ],
          [
            0.146826,
            0.958051,
            0.246131
          ],
          [
            -0.181915,
            -0.218431,
            0.958746
          ]
        ],
        [
          [
            -0.165695,
            -0.985557,
            -0.034957
          ],
          [
            0.855404,
            -0.161272,
            0.492215
          ],
          [
            -0.490743,
            0.051656,
            0.869772
          ]
        ],
        [
          [
            0.975132,
            -0.056941,
            -0.214184
          ],
          [
            0.08792,
            0.986521,
            0.138013
          ],
          [
            0.203438,
            -0.153412,
            0.966994
          ]
        ],
        [
          [
            0.864482,
            0.227843,
            0.44806
          ],
          [
            -0.218898,
            0.973053,
            -0.072467
          ],
          [
            -0.452497,
            -0.035433,
            0.891062
          ]
        ],
        [
          [
            1.0,
            0.0,
            0.0
          ],
          [
            0.0,
            1.0,
            0.0
          ],
          [
            0.0,
            0.0,
            1.0
          ]
        ],
        [
          [
            1.0,
            0.0,
            0.0
          ],
          [
            0.0,
            1.0,
            0.0
          ],
          [
            0.0,
            0.0,
            1.0
          ]
        ]
      ]
    },
    {
      "time_sec": 0.066667,
      "root_offset": [
        0.000604,
        -0.00775,
        -0.000206
      ],
      "local_rotation_matrices": [
        [
          [
            0.848514,
            -0.141439,
            0.50992
          ],
          [
            0.065023,
            0.984183,
            0.164788
          ],
          [
            -0.525163,
            -0.106668,
            0.84429
          ]
        ],
        [
          [
            0.789334,
            0.021294,
            0.613595
          ],
          [
            0.131155,
            0.970481,
            -0.202398
          ],
          [
            -0.599792,
            0.240236,
            0.763241
          ]
        ],
        [
          [
            0.793004,
            0.094356,
            -0.601866
          ],
          [
            -0.304895,
            0.916775,
            -0.257997
          ],
          [
            0.527432,
            0.388098,
            0.755775
          ]
        ],
        [
          [
            0.998386,
            0.007439,
            -0.056295
          ],
          [
            -0.014335,
            0.99229,
            -0.123105
          ],
          [
            0.054945,
            0.123714,
            0.990796
          ]
        ],
        [
          [
            0.994787,
            -0.08979,
            -0.048335
          ],
          [
            0.097682,
            0.975134,
            0.198927
          ],
          [
            0.029272,
            -0.202611,
            0.978822
          ]
        ],
        [
          [
            0.998059,
            0.058788,
            0.020566
          ],
          [
            -0.061154,
            0.987563,
            0.14484
          ],
          [
            -0.011796,
            -0.145817,
            0.989241
          ]
        ],
        [
          [
            0.99783,
            0.00187,
            -0.065818
          ],
          [
            -0.007763,
            0.995965,
            -0.089402
          ],
          [
            0.065386,
            0.089719,
            0.993819
          ]
        ],
        [
          [
            0.899463,
            -0.071403,
            -0.431124
          ],
          [
            0.16694,
            0.96788,
            0.18799
          ],
          [
            0.403853,
            -0.241062,
            0.882492
          ]
        ],
        [
          [
            0.976407,
            0.075108,
            0.202457
          ],
          [
            -0.10603,
            0.983513,
            0.146494
          ],
          [
            -0.188116,
            -0.164505,
            0.968272
          ]
        ],
        [
          [
            0.998406,
            0.055052,
            0.012425
          ],
          [
            -0.056395,
            0.981691,
            0.181941
          ],
          [
            -0.002181,
            -0.182352,
            0.983231
          ]
        ],
        [
          [
            0.865001,
            0.206362,
            0.45737
          ],
          [
            -0.129425,
            0.972431,
            -0.193978
          ],
          [
            -0.484791,
            0.108596,
            0.867862
          ]
        ],
        [
          [
            0.889424,
            -0.013699,
            -0.456878
          ],
          [
            -0.113017,
            0.961923,
            -0.248858
          ],
          [
            0.442891,
            0.272976,
            0.85401
          ]
        ],
        [
          [
            0.980421,
            -0.139767,
            -0.138707
          ],
          [
            0.170877,
            0.95394,
            0.246574
          ],
          [
            0.097856,
            -0.265448,
            0.959146
          ]
        ],
        [
          [
            0.917422,
            -0.360971,
            0.16744
          ],
          [
            0.340855,
            0.930024,
            0.137381
          ],
          [
            -0.205314,
            -0.068963,
            0.976263
          ]
        ],
        [
          [
            0.981864,
            0.146262,
            -0.120627
          ],
          [
            -0.176438,
            0.937771,
            -0.299089
          ],
          [
            0.069376,
            0.314948,
            0.94657
          ]
        ],
        [
          [
            0.923388,
            -0.355723,
            -0.144277
          ],
          [
            0.337088,
            0.931219,
            -0.138574
          ],
          [
            0.183648,
            0.079324,
            0.979786
          ]
        ],
        [
          [
            0.215304,
            0.415579,
            -0.883707
          ],
          [
            -0.413606,
            0.858563,
            0.302985
          ],
          [
            0.884632,
            0.300272,
            0.356738
          ]
        ],
        [
          [
            0.505522,
            -0.48554,
            0.713231
          ],
          [
            0.639432,
            0.765823,
            0.068129
          ],
          [
            -0.579288,
            0.421622,
            0.69761
          ]
        ],
        [
          [
            0.980908,
            -0.137658,
            0.137366
          ],
          [
            0.103132,
            0.967071,
            0.232676
          ],
          [
            -0.164872,
            -0.214067,
            0.962804
          ]
        ],
        [
          [
            -0.05889,
            -0.998016,
            -0.02227
          ],
          [
            0.853063,
            -0.061898,
            0.518124
          ],
          [
            -0.518474,
            0.011515,
            0.855016
          ]
        ],
        [
          [
            0.97405,
            -0.060889,
            -0.217987
          ],
          [
            0.096594,
            0.98285,
            0.157083
          ],
          [
            0.204684,
            -0.174063,
            0.963227
          ]
        ],
        [
          [
            0.87979,
            0.203354,
            0.42967
          ],
          [
            -0.206245,
            0.977666,
            -0.040404
          ],
          [
            -0.42829,
            -0.05307,
            0.902082
          ]
        ],
        [
          [
            1.0,
            0.0,
            0.0
          ],
          [
            0.0,
            1.0,
            0.0
          ],
          [
            0.0,
            0.0,
            1.0
          ]
        ],
        [
          [
            1.0,
            0.0,
            0.0
          ],
          [
            0.0,
            1.0,
            0.0
          ],
          [
            0.0,
            0.0,
            1.0
          ]
        ]
      ]
    },
    {
      "time_sec": 0.1,
      "root_offset": [
        0.002624,
        -0.008469,
        -0.000462
      ],
      "local_rotation_matrices": [
        [
          [
            0.861515,
            -0.150854,
            0.484805
          ],
          [
            0.076497,
            0.982508,
            0.169784
          ],
          [
            -0.501937,
            -0.109185,
            0.857985
          ]
        ],
        [
          [
            0.824338,
            0.020907,
            0.565712
          ],
          [
            0.127759,
            0.966665,
            -0.221892
          ],
          [
            -0.551494,
            0.255189,
            0.794187
          ]
        ],
        [
          [
            0.813957,
            0.094183,
            -0.57324
          ],
          [
            -0.287882,
            0.922479,
            -0.257208
          ],
          [
            0.504578,
            0.374382,
            0.777972
          ]
        ],
        [
          [
            0.997545,
            0.013692,
            -0.068672
          ],
          [
            -0.023081,
            0.990183,
            -0.137857
          ],
          [
            0.06611,
            0.139104,
            0.988069
          ]
        ],
        [
          [
            0.993171,
            -0.100977,
            -0.058437
          ],
          [
            0.113208,
            0.955182,
            0.273517
          ],
          [
            0.028199,
            -0.278264,
            0.960091
          ]
        ],
        [
          [
            0.996248,
            0.08281,
            0.025163
          ],
          [
            -0.085423,
            0.987546,
            0.132118
          ],
          [
            -0.013909,
            -0.133771,
            0.990915
          ]
        ],
        [
          [
            0.998206,
            0.005326,
            -0.059636
          ],
          [
            -0.010392,
            0.996329,
            -0.084968
          ],
          [
            0.058965,
            0.085436,
            0.994597
          ]
        ],
        [
          [
            0.888489,
            -0.08069,
            -0.451749
          ],
          [
            0.171254,
            0.971604,
            0.163274
          ],
          [
            0.425746,
            -0.222431,
            0.877077
          ]
        ],
        [
          [
            0.981028,
            0.067055,
            0.181901
          ],
          [
            -0.094987,
            0.984192,
            0.149477
          ],
          [
            -0.169002,
            -0.163919,
            0.971889
          ]
        ],
        [
          [
            0.998225,
            0.058329,
            0.012017
          ],
          [
            -0.059524,
            0.983585,
            0.170347
          ],
          [
            -0.001884,
            -0.17076,
            0.985311
          ]
        ],
        [
          [
            0.855637,
            0.199644,
            0.477523
          ],
          [
            -0.134436,
            0.976673,
            -0.167444
          ],
          [
            -0.499813,
            0.079075,
            0.862516
          ]
        ],
        [
          [
            0.898737,
            -0.000994,
            -0.438487
          ],
          [
            -0.122678,
            0.959493,
            -0.25362
          ],
          [
            0.420978,
            0.28173,
            0.86221
          ]
        ],
        [
          [
            0.98675,
            -0.114891,
            -0.11456
          ],
          [
            0.140855,
            0.957044,
            0.25343
          ],
          [
            0.080522,
            -0.266208,
            0.960546
          ]
        ],
        [
          [
            0.911668,
            -0.38004,
            0.156306
          ],
          [
            0.359032,
            0.921692,
            0.146901
          ],
          [
            -0.199894,
            -0.077806,
            0.976723
          ]
        ],
        [
          [
            0.984578,
            0.131102,
            -0.115841
          ],
          [
            -0.158763,
            0.947715,
            -0.276823
          ],
          [
            0.073493,
            0.290945,
            0.953913
          ]
        ],
        [
          [
            0.940225,
            -0.318193,
            -0.121366
          ],
          [
            0.300418,
            0.942804,
            -0.144465
          ],
          [
            0.160392,
            0.099369,
            0.982039
          ]
        ],
        [
          [
            0.199191,
            0.416731,
            -0.886937
          ],
          [
            -0.428636,
            0.850954,
            0.30356
          ],
          [
            0.881246,
            0.319707,
            0.348128
          ]
        ],
        [
          [
            0.460857,
            -0.469807,
            0.752922
          ],
          [
            0.616521,
            0.779733,
            0.10917
          ],
          [
            -0.638367,
            0.413881,
            0.648991
          ]
        ],
        [
          [
            0.989907,
            -0.07799,
            0.118328
          ],
          [
            0.058049,
            0.984838,
            0.163477
          ],
          [
            -0.129283,
            -0.154958,
            0.979425
          ]
        ],
        [
          [
            0.038172,
            -0.999231,
            -0.009025
          ],
          [
            0.853014,
            0.027879,
            0.521144
          ],
          [
            -0.520491,
            -0.027591,
            0.853421
          ]
        ],
        [
          [
            0.953147,
            -0.111531,
            -0.281196
          ],
          [
            0.157648,
            0.976483,
            0.147064
          ],
          [
            0.258181,
            -0.184504,
            0.948315
          ]
        ],
        [
          [
            0.842091,
            0.248429,
            0.478712
          ],
          [
            -0.257991,
            0.965005,
            -0.046968
          ],
          [
            -0.473628,
            -0.083952,
            0.876715
          ]
        ],
        [
          [
            1.0,
            0.0,
            0.0
          ],
          [
            0.0,
            1.0,
            0.0
          ],
          [
            0.0,
            0.0,
            1.0
          ]
        ],
        [
          [
            1.0,
            0.0,
            0.0
          ],
          [
            0.0,
            1.0,
            0.0
          ],
          [
            0.0,
            0.0,
            1.0
          ]
        ]
      ]
    },
    {
      "time_sec": 0.133333,
      "root_offset": [
        0.004282,
        -0.00853,
        0.000509
      ],
      "local_rotation_matrices": [
        [
          [
            0.872503,
            -0.16164,
            0.461098
          ],
          [
            0.090164,
            0.980752,
            0.173196
          ],
          [
            -0.480218,
            -0.10954,
            0.870283
          ]
        ],
        [
          [
            0.859238,
            0.018046,
            0.511258
          ],
          [
            0.119635,
            0.964578,
            -0.235109
          ],
          [
            -0.497391,
            0.263179,
            0.826643
          ]
        ],
        [
          [
            0.833173,
            0.094606,
            -0.544861
          ],
          [
            -0.271579,
            0.928264,
            -0.254108
          ],
          [
            0.481735,
            0.359688,
            0.799097
          ]
        ],
        [
          [
            0.996086,
            0.024184,
            -0.085012
          ],
          [
            -0.036806,
            0.98797,
            -0.150199
          ],
          [
            0.080357,
            0.15274,
            0.984994
          ]
        ],
        [
          [
            0.991078,
            -0.113176,
            -0.070391
          ],
          [
            0.130392,
            0.932701,
            0.336253
          ],
          [
            0.027598,
            -0.342431,
            0.939137
          ]
        ],
        [
          [
            0.99446,
            0.101603,
            0.026964
          ],
          [
            -0.104121,
            0.987335,
            0.119698
          ],
          [
            -0.014461,
            -0.121843,
            0.992444
          ]
        ],
        [
          [
            0.998539,
            0.013133,
            -0.052409
          ],
          [
            -0.017313,
            0.996635,
            -0.080112
          ],
          [
            0.051181,
            0.080902,
            0.995407
          ]
        ],
        [
          [
            0.877351,
            -0.085998,
            -0.47208
          ],
          [
            0.171548,
            0.975004,
            0.141204
          ],
          [
            0.448137,
            -0.20487,
            0.870174
          ]
        ],
        [
          [
            0.984544,
            0.06357,
            0.163192
          ],
          [
            -0.088936,
            0.984189,
            0.153175
          ],
          [
            -0.150874,
            -0.165321,
            0.974631
          ]
        ],
        [
          [
            0.99771,
            0.066607,
            0.011748
          ],
          [
            -0.067628,
            0.984943,
            0.159104
          ],
          [
            -0.000974,
            -0.159535,
            0.987192
          ]
        ],
        [
          [
            0.848685,
            0.186191,
            0.495043
          ],
          [
            -0.135937,
            0.981332,
            -0.136043
          ],
          [
            -0.511131,
            0.048163,
            0.858152
          ]
        ],
        [
          [
            0.905103,
            0.009553,
            -0.425085
          ],
          [
            -0.131869,
            0.956758,
            -0.259276
          ],
          [
            0.404226,
            0.290727,
            0.867225
          ]
        ],
        [
          [
            0.991945,
            -0.089405,
            -0.089734
          ],
          [
            0.109919,
            0.959606,
            0.258987
          ],
          [
            0.062955,
            -0.266764,
            0.961704
          ]
        ],
        [
          [
            0.91005,
            -0.388152,
            0.145419
          ],
          [
            0.36701,
            0.917626,
            0.152531
          ],
          [
            -0.192646,
            -0.085441,
            0.977542
          ]
        ],
        [
          [
            0.986988,
            0.125348,
            -0.100705
          ],
          [
            -0.146996,
            0.95723,
            -0.249203
          ],
          [
            0.065161,
            0.260764,
            0.963201
          ]
        ],
        [
          [
            0.954704,
            -0.281558,
            -0.096262
          ],
          [
            0.265572,
            0.952171,
            -0.151134
          ],
          [
            0.134211,
            0.118724,
            0.983815
          ]
        ],
        [
          [
            0.195346,
            0.403812,
            -0.893743
          ],
          [
            -0.430674,
            0.854052,
            0.291746
          ],
          [
            0.881113,
            0.32792,
            0.340747
          ]
        ],
        [
          [
            0.409927,
            -0.45102,
            0.792806
          ],
          [
            0.589537,
            0.79425,
            0.147016
          ],
          [
            -0.695993,
            0.407122,
            0.591477
          ]
        ],
        [
          [
            0.995893,
            -0.010887,
            0.089876
          ],
          [
            0.005061,
            0.997886,
            0.064793
          ],
          [
            -0.090391,
            -0.064072,
            0.993843
          ]
        ],
        [
          [
            0.137333,
            -0.990516,
            0.004217
          ],
          [
            0.853229,
            0.120458,
            0.507435
          ],
          [
            -0.503131,
            -0.06609,
            0.86168
          ]
        ],
        [
          [
            0.916504,
            -0.174135,
            -0.360135
          ],
          [
            0.228451,
            0.966873,
            0.113873
          ],
          [
            0.328375,
            -0.186639,
            0.925924
          ]
        ],
        [
          [
            0.770982,
            0.322712,
            0.54904
          ],
          [
            -0.334903,
            0.938724,
            -0.081475
          ],
          [
            -0.54169,
            -0.121059,
            0.831816
          ]
        ],
        [
          [
            1.0,
            0.0,
            0.0
          ],
          [
            0.0,
            1.0,
            0.0
          ],
          [
            0.0,
            0.0,
            1.0
          ]
        ],
        [
          [
            1.0,
            0.0,
            0.0
          ],
          [
            0.0,
            1.0,
            0.0
          ],
          [
            0.0,
            0.0,
            1.0
          ]
        ]
      ]
    },
    {
      "time_sec": 0.166667,
      "root_offset": [
        0.004374,
        -0.00897,
        0.001503
      ],
      "local_rotation_matrices": [
        [
          [
            0.880384,
            -0.175317,
            0.440669
          ],
          [
            0.106878,
            0.978606,
            0.175807
          ],
          [
            -0.462063,
            -0.10768,
            0.880286
          ]
        ],
        [
          [
            0.895164,
            0.011218,
            0.445595
          ],
          [
            0.108636,
            0.964047,
            -0.242511
          ],
          [
            -0.432295,
            0.265495,
            0.861762
          ]
        ],
        [
          [
            0.84937,
            0.096743,
            -0.518857
          ],
          [
            -0.259056,
            0.932912,
            -0.250131
          ],
          [
            0.459849,
            0.346866,
            0.817449
          ]
        ],
        [
          [
            0.993456,
            0.038612,
            -0.107492
          ],
          [
            -0.055596,
            0.985583,
            -0.159794
          ],
          [
            0.099773,
            0.164725,
            0.98128
          ]
        ],
        [
          [
            0.988657,
            -0.124683,
            -0.08374
          ],
          [
            0.147505,
            0.911065,
            0.384972
          ],
          [
            0.028293,
            -0.392957,
            0.919122
          ]
        ],
        [
          [
            0.993295,
            0.112776,
            0.025425
          ],
          [
            -0.114912,
            0.987224,
            0.110379
          ],
          [
            -0.012652,
            -0.11256,
            0.993564
          ]
        ],
        [
          [
            0.998715,
            0.025624,
            -0.043733
          ],
          [
            -0.028894,
            0.9967,
            -0.075854
          ],
          [
            0.041645,
            0.07702,
            0.996159
          ]
        ],
        [
          [
