{
  "format": "gf5_keyframed_motion",
  "version": 1,
  "name": "HY-Motion: a person dodging during a boxing match to avoid being hit",
  "profile_name": "course_body_24",
  "joint_order": [
    "pelvis",
    "left_hip",
    "right_hip",
    "spine1",
    "left_knee",
    "right_knee",
    "spine2",
    "left_ankle",
    "right_ankle",
    "spine3",
    "left_foot",
    "right_foot",
    "neck",
    "left_collar",
    "right_collar",
    "head",
    "left_shoulder",
    "right_shoulder",
    "left_elbow",
    "right_elbow",
    "left_wrist",
    "right_wrist",
    "left_hand",
    "right_hand"
  ],
  "coordinate_convention": {
    "name": "gf5_viewer_body",
    "up_axis": [
      0.0,
      0.0,
      1.0
    ],
    "forward_axis": [
      0.0,
      1.0,
      0.0
    ],
    "anatomical_right_axis": [
      1.0,
      0.0,
      0.0
    ],
    "native_smpl_to_viewer": "viewer=(-native_x, native_z, native_y)"
  },
  "duration_sec": 2.0,
  "source_class": "hy_motion_import",
  "source_prompt": "a person dodging during a boxing match to avoid being hit",
  "category": "other",
  "category_label": "Other",
  "root_contract": "spot",
  "default_root_mode": "path",
  "exported_at": "2026-05-29T15:51:56",
  "source_asset_name": null,
  "source": {
    "type": "hy_motion_1_0_fbx",
    "fbx_path": "20260529_165003714_3de4fab1_002.fbx",
    "prompt": "a person dodging during a boxing match to avoid being hit",
    "unit_scale_to_meters": 0.01,
    "native_up_axis": "Y",
    "native_front_axis": "Z"
  },
  "keyframes": [
    {
      "time_sec": 0.0,
      "root_offset": [
        0.0,
        0.0,
        0.0
      ],
      "local_rotation_matrices": [
        [
          [
            0.996271,
            0.085693,
            0.010036
          ],
          [
            -0.085951,
            0.995879,
            0.02893
          ],
          [
            -0.007515,
            -0.029685,
            0.999531
          ]
        ],
        [
          [
            0.864976,
            -0.344557,
            0.364825
          ],
          [
            0.471659,
            0.806445,
            -0.35663
          ],
          [
            -0.171332,
            0.480549,
            0.860068
          ]
        ],
        [
          [
            0.987586,
            -0.029267,
            -0.154329
          ],
          [
            -0.000312,
            0.982122,
            -0.188243
          ],
          [
            0.157079,
            0.185954,
            0.969921
          ]
        ],
        [
          [
            0.99559,
            -0.068018,
            -0.064601
          ],
          [
            0.083372,
            0.957247,
            0.276996
          ],
          [
            0.042998,
            -0.281161,
            0.958697
          ]
        ],
        [
          [
            0.999547,
            0.024597,
            -0.017338
          ],
          [
            -0.016002,
            0.922358,
            0.386006
          ],
          [
            0.025486,
            -0.385553,
            0.922333
          ]
        ],
        [
          [
            0.997887,
            -0.013912,
            0.063469
          ],
          [
            -0.018567,
            0.875026,
            0.48372
          ],
          [
            -0.062267,
            -0.483877,
            0.872918
          ]
        ],
        [
          [
            0.999576,
            -0.013128,
            0.02598
          ],
          [
            0.015944,
            0.993654,
            -0.111342
          ],
          [
            -0.024354,
            0.111709,
            0.993443
          ]
        ],
        [
          [
            0.962473,
            0.012066,
            -0.271107
          ],
          [
            0.043766,
            0.979032,
            0.198951
          ],
          [
            0.267823,
            -0.20335,
            0.941764
          ]
        ],
        [
          [
            0.941735,
            0.129534,
            0.310412
          ],
          [
            -0.03496,
            0.955567,
            -0.292694
          ],
          [
            -0.334534,
            0.264788,
            0.904419
          ]
        ],
        [
          [
            0.998195,
            -0.050342,
            -0.032746
          ],
          [
            0.058442,
            0.939814,
            0.33665
          ],
          [
            0.013828,
            -0.337956,
            0.94106
          ]
        ],
        [
          [
            0.939148,
            0.123745,
            0.320449
          ],
          [
            0.03448,
            0.894193,
            -0.446353
          ],
          [
            -0.341777,
            0.43024,
            0.835513
          ]
        ],
        [
          [
            0.883102,
            -0.289331,
            -0.369347
          ],
          [
            0.180473,
            0.936128,
            -0.301817
          ],
          [
            0.433082,
            0.199878,
            0.878914
          ]
        ],
        [
          [
            0.809049,
            -0.173631,
            -0.561509
          ],
          [
            0.223593,
            0.97446,
            0.020839
          ],
          [
            0.54355,
            -0.142409,
            0.827208
          ]
        ],
        [
          [
            0.995463,
            0.033293,
            -0.089129
          ],
          [
            -0.060405,
            0.944916,
            -0.32169
          ],
          [
            0.073509,
            0.325614,
            0.942641
          ]
        ],
        [
          [
            0.998527,
            -0.054142,
            0.003536
          ],
          [
            0.05319,
            0.963944,
            -0.260735
          ],
          [
            0.010709,
            0.260539,
            0.965404
          ]
        ],
        [
          [
            0.892687,
            -0.259036,
            0.368796
          ],
          [
            0.329,
            0.933826,
            -0.140455
          ],
          [
            -0.308008,
            0.246716,
            0.918837
          ]
        ],
        [
          [
            0.47611,
            0.783312,
            -0.399676
          ],
          [
            -0.711353,
            0.610265,
            0.348646
          ],
          [
            0.517007,
            0.118317,
            0.847764
          ]
        ],
        [
          [
            -0.135848,
            -0.984012,
            0.115175
          ],
          [
            0.890735,
            -0.070412,
            0.449036
          ],
          [
            -0.433747,
            0.163591,
            0.88606
          ]
        ],
        [
          [
            -0.454462,
            0.492014,
            0.742554
          ],
          [
            -0.613882,
            0.431047,
            -0.661322
          ],
          [
            -0.645456,
            -0.756387,
            0.106144
          ]
        ],
        [
          [
            -0.139881,
            -0.553861,
            -0.820774
          ],
          [
            0.668476,
            0.558685,
            -0.490928
          ],
          [
            0.730461,
            -0.61734,
            0.292094
          ]
        ],
        [
          [
            0.911528,
            0.384439,
            0.146024
          ],
          [
            -0.059063,
            0.473787,
            -0.878656
          ],
          [
            -0.406974,
            0.792296,
            0.454577
          ]
        ],
        [
          [
            0.92487,
            -0.343862,
            0.1624
          ],
          [
            0.270351,
            0.294203,
            -0.916709
          ],
          [
            0.267443,
            0.891742,
            0.365063
          ]
        ],
        [
          [
            1.0,
            0.0,
            0.0
          ],
          [
            0.0,
            1.0,
            0.0
          ],
          [
            0.0,
            0.0,
            1.0
          ]
        ],
        [
          [
            1.0,
            0.0,
            0.0
          ],
          [
            0.0,
            1.0,
            0.0
          ],
          [
            0.0,
            0.0,
            1.0
          ]
        ]
      ]
    },
    {
      "time_sec": 0.033333,
      "root_offset": [
        -0.00315,
        0.003447,
        -0.004016
      ],
      "local_rotation_matrices": [
        [
          [
            0.995855,
            0.089847,
            0.014178
          ],
          [
            -0.090092,
            0.995776,
            0.017696
          ],
          [
            -0.012529,
            -0.0189,
            0.999743
          ]
        ],
        [
          [
            0.866399,
            -0.339063,
            0.366591
          ],
          [
            0.468369,
            0.806359,
            -0.361131
          ],
          [
            -0.173157,
            0.484583,
            0.857435
          ]
        ],
        [
          [
            0.98574,
            -0.035806,
            -0.164424
          ],
          [
            0.004566,
            0.982431,
            -0.186568
          ],
          [
            0.168216,
            0.183156,
            0.968585
          ]
        ],
        [
          [
            0.995482,
            -0.068202,
            -0.06606
          ],
          [
            0.084124,
            0.956143,
            0.280559
          ],
          [
            0.044028,
            -0.284849,
            0.957561
          ]
        ],
        [
          [
            0.999411,
            0.028362,
            -0.019295
          ],
          [
            -0.017626,
            0.907148,
            0.420443
          ],
          [
            0.029428,
            -0.419856,
            0.907114
          ]
        ],
        [
          [
            0.99771,
            -0.016328,
            0.065633
          ],
          [
            -0.018705,
            0.865956,
            0.499771
          ],
          [
            -0.064995,
            -0.499854,
            0.863667
          ]
        ],
        [
          [
            0.999543,
            -0.012315,
            0.027601
          ],
          [
            0.015272,
            0.993855,
            -0.109632
          ],
          [
            -0.026081,
            0.110004,
            0.993589
          ]
        ],
        [
          [
            0.961524,
            0.004987,
            -0.274677
          ],
          [
            0.047179,
            0.981984,
            0.18298
          ],
          [
            0.270641,
            -0.188898,
            0.943966
          ]
        ],
        [
          [
            0.940403,
            0.130279,
            0.314117
          ],
          [
            -0.031105,
            0.952786,
            -0.302045
          ],
          [
            -0.338636,
            0.274273,
            0.900055
          ]
        ],
        [
          [
            0.998133,
            -0.05025,
            -0.034711
          ],
          [
            0.059094,
            0.93815,
            0.341148
          ],
          [
            0.015421,
            -0.342562,
            0.939369
          ]
        ],
        [
          [
            0.936696,
            0.131326,
            0.324584
          ],
          [
            0.031764,
            0.891307,
            -0.452286
          ],
          [
            -0.348701,
            0.433964,
            0.830712
          ]
        ],
        [
          [
            0.881144,
            -0.295522,
            -0.369124
          ],
          [
            0.183052,
            0.93296,
            -0.309964
          ],
          [
            0.435979,
            0.205554,
            0.876168
          ]
        ],
        [
          [
            0.803702,
            -0.177766,
            -0.567858
          ],
          [
            0.226531,
            0.973877,
            0.015746
          ],
          [
            0.550224,
            -0.141293,
            0.822976
          ]
        ],
        [
          [
            0.995421,
            0.027997,
            -0.091399
          ],
          [
            -0.056116,
            0.945204,
            -0.321623
          ],
          [
            0.077386,
            0.325279,
            0.942446
          ]
        ],
        [
          [
            0.998587,
            -0.051051,
            0.014758
          ],
          [
            0.053136,
            0.963102,
            -0.263838
          ],
          [
            -0.000744,
            0.26425,
            0.964454
          ]
        ],
        [
          [
            0.892313,
            -0.256542,
            0.371434
          ],
          [
            0.328009,
            0.933781,
            -0.143048
          ],
          [
            -0.31014,
            0.249477,
            0.917374
          ]
        ],
        [
          [
            0.478676,
            0.78178,
            -0.399612
          ],
          [
            -0.707131,
            0.613058,
            0.352316
          ],
          [
            0.520419,
            0.113932,
            0.846276
          ]
        ],
        [
          [
            -0.136674,
            -0.985113,
            0.104276
          ],
          [
            0.885268,
            -0.074223,
            0.459121
          ],
          [
            -0.444546,
            0.155062,
            0.882233
          ]
        ],
        [
          [
            -0.454088,
            0.491886,
            0.742867
          ],
          [
            -0.614287,
            0.431076,
            -0.660927
          ],
          [
            -0.645333,
            -0.756453,
            0.106413
          ]
        ],
        [
          [
            -0.141975,
            -0.554263,
            -0.820144
          ],
          [
            0.668228,
            0.557594,
            -0.492505
          ],
          [
            0.730284,
            -0.617966,
            0.291209
          ]
        ],
        [
          [
            0.911889,
            0.38341,
            0.146478
          ],
          [
            -0.058148,
            0.473966,
            -0.878621
          ],
          [
            -0.406297,
            0.792687,
            0.454499
          ]
        ],
        [
          [
            0.927512,
            -0.34102,
            0.153059
          ],
          [
            0.259325,
            0.292153,
            -0.920542
          ],
          [
            0.269207,
            0.893505,
            0.359411
          ]
        ],
        [
          [
            1.0,
            0.0,
            0.0
          ],
          [
            0.0,
            1.0,
            0.0
          ],
          [
            0.0,
            0.0,
            1.0
          ]
        ],
        [
          [
            1.0,
            0.0,
            0.0
          ],
          [
            0.0,
            1.0,
            0.0
          ],
          [
            0.0,
            0.0,
            1.0
          ]
        ]
      ]
    },
    {
      "time_sec": 0.066667,
      "root_offset": [
        -0.007359,
        0.007133,
        -0.008066
      ],
      "local_rotation_matrices": [
        [
          [
            0.995216,
            0.095899,
            0.018691
          ],
          [
            -0.095967,
            0.995381,
            0.002793
          ],
          [
            -0.018337,
            -0.004574,
            0.999821
          ]
        ],
        [
          [
            0.867272,
            -0.333703,
            0.369435
          ],
          [
            0.465692,
            0.806131,
            -0.36508
          ],
          [
            -0.175985,
            0.488666,
            0.854538
          ]
        ],
        [
          [
            0.983181,
            -0.041027,
            -0.177966
          ],
          [
            0.007764,
            0.982949,
            -0.183712
          ],
          [
            0.182469,
            0.17924,
            0.966736
          ]
        ],
        [
          [
            0.995359,
            -0.06807,
            -0.068026
          ],
          [
            0.084791,
            0.954651,
            0.285398
          ],
          [
            0.045514,
            -0.289841,
            0.955992
          ]
        ],
        [
          [
            0.999209,
            0.033211,
            -0.02185
          ],
          [
            -0.019336,
            0.886242,
            0.462818
          ],
          [
            0.034735,
            -0.462029,
            0.886184
          ]
        ],
        [
          [
            0.997465,
            -0.019792,
            0.06835
          ],
          [
            -0.018685,
            0.853977,
            0.519975
          ],
          [
            -0.068661,
            -0.519934,
            0.851443
          ]
        ],
        [
          [
            0.999474,
            -0.011405,
            0.030372
          ],
          [
            0.014606,
            0.994113,
            -0.107357
          ],
          [
            -0.028968,
            0.107744,
            0.993757
          ]
        ],
        [
          [
            0.960517,
            -0.004331,
            -0.278189
          ],
          [
            0.051154,
            0.985582,
            0.161278
          ],
          [
            0.273479,
            -0.169141,
            0.94689
          ]
        ],
        [
          [
            0.938058,
            0.128862,
            0.321623
          ],
          [
            -0.022691,
            0.949121,
            -0.314094
          ],
          [
            -0.345734,
            0.287341,
            0.893254
          ]
        ],
        [
          [
            0.998093,
            -0.049504,
            -0.036869
          ],
          [
            0.059246,
            0.935913,
            0.347213
          ],
          [
            0.017318,
            -0.348736,
            0.937061
          ]
        ],
        [
          [
            0.933696,
            0.141421,
            0.328956
          ],
          [
            0.027743,
            0.887367,
            -0.460229
          ],
          [
            -0.35699,
            0.43884,
            0.824607
          ]
        ],
        [
          [
            0.87838,
            -0.303715,
            -0.36906
          ],
          [
            0.18672,
            0.928843,
            -0.31998
          ],
          [
            0.439981,
            0.212153,
            0.872587
          ]
        ],
        [
          [
            0.796854,
            -0.183688,
            -0.575571
          ],
          [
            0.230717,
            0.97298,
            0.0089
          ],
          [
            0.558384,
            -0.139886,
            0.817704
          ]
        ],
        [
          [
            0.995381,
            0.019497,
            -0.093998
          ],
          [
            -0.048825,
            0.945878,
            -0.32083
          ],
          [
            0.082655,
            0.323937,
            0.942461
          ]
        ],
        [
          [
            0.998472,
            -0.046433,
            0.02995
          ],
          [
            0.052787,
            0.961773,
            -0.268711
          ],
          [
            -0.016328,
            0.269881,
            0.962755
          ]
        ],
        [
          [
            0.8928,
            -0.251982,
            0.373381
          ],
          [
            0.325402,
            0.933956,
            -0.147781
          ],
          [
            -0.311483,
            0.253438,
            0.915832
          ]
        ],
        [
          [
            0.483006,
            0.778832,
            -0.400158
          ],
          [
            -0.70075,
            0.617842,
            0.356681
          ],
          [
            0.525029,
            0.108131,
            0.844188
          ]
        ],
        [
          [
            -0.141101,
            -0.986072,
            0.088044
          ],
          [
            0.876191,
            -0.082987,
            0.474766
          ],
          [
            -0.460847,
            0.144133,
            0.875697
          ]
        ],
        [
          [
            -0.454517,
            0.490966,
            0.743214
          ],
          [
            -0.614655,
            0.431016,
            -0.660624
          ],
          [
            -0.644681,
            -0.757085,
            0.105871
          ]
        ],
        [
          [
            -0.142647,
            -0.555945,
            -0.818887
          ],
          [
            0.667927,
            0.556493,
            -0.494155
          ],
          [
            0.730429,
            -0.617446,
            0.291949
          ]
        ],
        [
          [
            0.911745,
            0.383669,
            0.146692
          ],
          [
            -0.058728,
            0.475219,
            -0.877905
          ],
          [
            -0.406536,
            0.791811,
            0.455811
          ]
        ],
        [
          [
            0.929896,
            -0.339671,
            0.141129
          ],
          [
            0.24665,
            0.291198,
            -0.92432
          ],
          [
            0.272868,
            0.894331,
            0.354563
          ]
        ],
        [
          [
            1.0,
            0.0,
            0.0
          ],
          [
            0.0,
            1.0,
            0.0
          ],
          [
            0.0,
            0.0,
            1.0
          ]
        ],
        [
          [
            1.0,
            0.0,
            0.0
          ],
          [
            0.0,
            1.0,
            0.0
          ],
          [
            0.0,
            0.0,
            1.0
          ]
        ]
      ]
    },
    {
      "time_sec": 0.1,
      "root_offset": [
        -0.010848,
        0.009652,
        -0.011248
      ],
      "local_rotation_matrices": [
        [
          [
            0.994475,
            0.102745,
            0.021505
          ],
          [
            -0.102549,
            0.994677,
            -0.010019
          ],
          [
            -0.022419,
            0.007758,
            0.999719
          ]
        ],
        [
          [
            0.866172,
            -0.332541,
            0.373045
          ],
          [
            0.466766,
            0.805014,
            -0.366173
          ],
          [
            -0.178539,
            0.491294,
            0.852499
          ]
        ],
        [
          [
            0.980677,
            -0.04041,
            -0.191413
          ],
          [
            0.00507,
            0.983356,
            -0.181621
          ],
          [
            0.195567,
            0.177141,
            0.964559
          ]
        ],
        [
          [
            0.995242,
            -0.067497,
            -0.070266
          ],
          [
            0.085099,
            0.953375,
            0.289541
          ],
          [
            0.047446,
            -0.294143,
            0.954583
          ]
        ],
        [
          [
            0.999013,
            0.037404,
            -0.023966
          ],
          [
            -0.020576,
            0.867731,
            0.496607
          ],
          [
            0.039371,
            -0.495624,
            0.867644
          ]
        ],
        [
          [
            0.997203,
            -0.023318,
            0.071009
          ],
          [
            -0.018553,
            0.843114,
            0.537414
          ],
          [
            -0.0724,
            -0.537228,
            0.840324
          ]
        ],
        [
          [
            0.999368,
            -0.010922,
            0.033827
          ],
          [
            0.014433,
            0.99433,
            -0.105351
          ],
          [
            -0.032485,
            0.105772,
            0.99386
          ]
        ],
        [
          [
            0.960188,
            -0.011805,
            -0.279104
          ],
          [
            0.053207,
            0.988546,
            0.141232
          ],
          [
            0.27424,
            -0.15046,
            0.949818
          ]
        ],
        [
          [
            0.934783,
            0.122502,
            0.333426
          ],
          [
            -0.008486,
            0.946087,
            -0.323803
          ],
          [
            -0.355117,
            0.299856,
            0.885426
          ]
        ],
        [
          [
            0.998128,
            -0.048211,
            -0.037645
          ],
          [
            0.058399,
            0.934154,
            0.352059
          ],
          [
            0.018193,
            -0.353598,
            0.93522
          ]
        ],
        [
          [
            0.931193,
            0.150722,
            0.331907
          ],
          [
            0.02334,
            0.883995,
            -0.466913
          ],
          [
            -0.363778,
            0.442533,
            0.819652
          ]
        ],
        [
          [
            0.875992,
            -0.310851,
            -0.368794
          ],
          [
            0.190463,
            0.925416,
            -0.327612
          ],
          [
            0.443127,
            0.216744,
            0.869863
          ]
        ],
        [
          [
            0.791861,
            -0.189532,
            -0.580546
          ],
          [
            0.234707,
            0.972062,
            0.002788
          ],
          [
            0.563799,
            -0.138466,
            0.814223
          ]
        ],
        [
          [
            0.995304,
            0.009761,
            -0.096305
          ],
          [
            -0.040103,
            0.947084,
            -0.318472
          ],
          [
            0.088101,
            0.320839,
            0.943028
          ]
        ],
        [
          [
            0.998243,
            -0.041035,
            0.042738
          ],
          [
            0.051164,
            0.960784,
            -0.272537
          ],
          [
            -0.029878,
            0.274244,
            0.961196
          ]
        ],
        [
          [
            0.894367,
            -0.247205,
            0.372823
          ],
          [
            0.322008,
            0.934297,
            -0.152968
          ],
          [
            -0.310513,
            0.256861,
            0.915207
          ]
        ],
        [
          [
            0.487109,
            0.775353,
            -0.401936
          ],
          [
            -0.694733,
            0.622897,
            0.359646
          ],
          [
            0.529217,
            0.104051,
            0.842082
          ]
        ],
        [
          [
            -0.150339,
            -0.985927,
            0.073115
          ],
          [
            0.865748,
            -0.095582,
            0.491268
          ],
          [
            -0.477366,
            0.137156,
            0.867934
          ]
        ],
        [
          [
            -0.454187,
            0.489906,
            0.744114
          ],
          [
            -0.615181,
            0.431682,
            -0.659699
          ],
          [
            -0.644411,
            -0.757392,
            0.105316
          ]
        ],
        [
          [
            -0.139468,
            -0.55845,
            -0.81773
          ],
          [
            0.668239,
            0.556336,
            -0.493909
          ],
          [
            0.730756,
            -0.615324,
            0.295588
          ]
        ],
        [
          [
            0.910928,
            0.38574,
            0.146336
          ],
          [
            -0.061171,
            0.47706,
            -0.876739
          ],
          [
            -0.408004,
            0.789695,
            0.458164
          ]
        ],
        [
          [
            0.93099,
            -0.340683,
            0.131119
          ],
          [
            0.237341,
            0.292003,
            -0.926501
          ],
          [
            0.277356,
            0.893683,
            0.35271
          ]
        ],
        [
          [
            1.0,
            0.0,
            0.0
          ],
          [
            0.0,
            1.0,
            0.0
          ],
          [
            0.0,
            0.0,
            1.0
          ]
        ],
        [
          [
            1.0,
            0.0,
            0.0
          ],
          [
            0.0,
            1.0,
            0.0
          ],
          [
            0.0,
            0.0,
            1.0
          ]
        ]
      ]
    },
    {
      "time_sec": 0.133333,
      "root_offset": [
        -0.012904,
        0.010477,
        -0.012983
      ],
      "local_rotation_matrices": [
        [
          [
            0.993758,
            0.109303,
            0.022306
          ],
          [
            -0.10894,
            0.993905,
            -0.016885
          ],
          [
            -0.024015,
            0.01435,
            0.999609
          ]
        ],
        [
          [
            0.863471,
            -0.335466,
            0.37667
          ],
          [
            0.471258,
            0.802767,
            -0.36535
          ],
          [
            -0.179816,
            0.492979,
            0.851257
          ]
        ],
        [
          [
            0.978646,
            -0.033475,
            -0.20281
          ],
          [
            -0.004222,
            0.983169,
            -0.182648
          ],
          [
            0.205511,
            0.179604,
            0.962033
          ]
        ],
        [
          [
            0.995082,
            -0.066906,
            -0.073044
          ],
          [
            0.085459,
            0.952739,
            0.291524
          ],
          [
            0.050087,
            -0.296332,
            0.953771
          ]
        ],
        [
          [
            0.998884,
            0.04003,
            -0.025079
          ],
          [
            -0.0214,
            0.856788,
            0.515224
          ],
          [
            0.042112,
            -0.514112,
            0.856688
          ]
        ],
        [
          [
            0.996967,
            -0.026336,
            0.073239
          ],
          [
            -0.018279,
            0.835457,
            0.549251
          ],
          [
            -0.075653,
            -0.548924,
            0.832442
          ]
        ],
        [
          [
            0.999239,
            -0.011283,
            0.037339
          ],
          [
            0.015126,
            0.994432,
            -0.104288
          ],
          [
            -0.035954,
            0.104773,
            0.993846
          ]
        ],
        [
          [
            0.960374,
            -0.015264,
            -0.278295
          ],
          [
            0.053131,
            0.990215,
            0.12904
          ],
          [
            0.273602,
            -0.138713,
            0.951788
          ]
        ],
        [
          [
            0.930601,
            0.109964,
            0.349128
          ],
          [
            0.011029,
            0.944951,
            -0.327027
          ],
          [
            -0.36587,
            0.308182,
            0.878159
          ]
        ],
        [
          [
            0.998234,
            -0.047255,
            -0.036002
          ],
          [
            0.05695,
            0.93368,
            0.353551
          ],
          [
            0.016908,
            -0.354977,
            0.934722
          ]
        ],
        [
          [
            0.929441,
            0.157574,
            0.333632
          ],
          [
            0.019464,
            0.882024,
            -0.470803
          ],
          [
            -0.368457,
            0.444077,
            0.816722
          ]
        ],
        [
          [
            0.874829,
            -0.315059,
            -0.367982
          ],
          [
            0.193501,
            0.923653,
            -0.330789
          ],
          [
            0.444106,
            0.218179,
            0.869004
          ]
        ],
        [
          [
            0.791315,
            -0.19395,
            -0.579831
          ],
          [
            0.237419,
            0.971407,
            -0.000916
          ],
          [
            0.563429,
            -0.136938,
            0.814736
          ]
        ],
        [
          [
            0.995205,
            0.001769,
            -0.097794
          ],
          [
            -0.03258,
            0.948734,
            -0.314393
          ],
          [
            0.092225,
            0.316072,
            0.944242
          ]
        ],
        [
          [
            0.998168,
            -0.035254,
            0.049177
          ],
          [
            0.047356,
            0.961066,
            -0.27223
          ],
          [
            -0.037665,
            0.27406,
            0.960975
          ]
        ],
        [
          [
            0.896411,
            -0.244341,
            0.369791
          ],
          [
            0.31916,
            0.934769,
            -0.156025
          ],
          [
            -0.307545,
            0.257885,
            0.915921
          ]
        ],
        [
          [
            0.488929,
            0.772466,
            -0.40527
          ],
          [
            -0.691622,
            0.6264,
            0.359559
          ],
          [
            0.531608,
            0.104495,
            0.84052
          ]
        ],
        [
          [
            -0.163051,
            -0.984456,
            0.065274
          ],
          [
            0.856533,
            -0.108408,
            0.504577
          ],
          [
            -0.489658,
            0.138182,
            0.860895
          ]
        ],
        [
          [
            -0.451315,
            0.489413,
            0.746183
          ],
          [
            -0.616389,
            0.433679,
            -0.657257
          ],
          [
            -0.645275,
            -0.756569,
            0.105943
          ]
        ],
        [
          [
            -0.132947,
            -0.560002,
            -0.817755
          ],
          [
            0.669618,
            0.557542,
            -0.490671
          ],
          [
            0.730709,
            -0.612817,
            0.300864
          ]
        ],
        [
          [
            0.910642,
            0.386698,
            0.145586
          ],
          [
            -0.063503,
            0.479133,
            -0.875442
          ],
          [
            -0.408287,
            0.787969,
            0.460876
          ]
        ],
        [
          [
            0.931018,
            -0.342601,
            0.125818
          ],
          [
            0.233365,
            0.293748,
            -0.926959
          ],
          [
            0.280619,
            0.892377,
            0.353435
          ]
        ],
        [
          [
            1.0,
            0.0,
            0.0
          ],
          [
            0.0,
            1.0,
            0.0
          ],
          [
            0.0,
            0.0,
            1.0
          ]
        ],
        [
          [
            1.0,
            0.0,
            0.0
          ],
          [
            0.0,
            1.0,
            0.0
          ],
          [
            0.0,
            0.0,
            1.0
          ]
        ]
      ]
    },
    {
      "time_sec": 0.166667,
      "root_offset": [
        -0.013558,
        0.009715,
        -0.013013
      ],
      "local_rotation_matrices": [
        [
          [
            0.993205,
            0.114377,
            0.021469
          ],
          [
            -0.114024,
            0.993333,
            -0.016982
          ],
          [
            -0.023268,
            0.014418,
            0.999625
          ]
        ],
        [
          [
            0.860438,
            -0.340042,
            0.379498
          ],
          [
            0.476748,
            0.800145,
            -0.363978
          ],
          [
            -0.179885,
            0.494105,
            0.850589
          ]
        ],
        [
          [
            0.977448,
            -0.023251,
            -0.209891
          ],
          [
            -0.016654,
            0.982337,
            -0.186378
          ],
          [
            0.210518,
            0.185671,
            0.959796
          ]
        ],
        [
          [
            0.994871,
            -0.06661,
            -0.07612
          ],
          [
            0.086055,
            0.952881,
            0.290883
          ],
          [
            0.053158,
            -0.295942,
            0.953726
          ]
        ],
        [
          [
            0.998844,
            0.040946,
            -0.025172
          ],
          [
            -0.022004,
            0.855153,
            0.517909
          ],
          [
            0.042733,
            -0.516756,
            0.855065
          ]
        ],
        [
          [
            0.99682,
            -0.028477,
            0.074426
          ],
          [
            -0.017597,
            0.832249,
            0.554123
          ],
          [
            -0.077721,
            -0.55367,
            0.829101
          ]
        ],
        [
          [
            0.999111,
            -0.012567,
            0.040239
          ],
          [
            0.016715,
            0.994388,
            -0.104464
          ],
          [
            -0.038701,
            0.105044,
            0.993714
          ]
        ],
        [
          [
            0.960519,
            -0.014896,
            -0.277817
          ],
          [
            0.052413,
            0.990374,
            0.12811
          ],
          [
            0.273234,
            -0.137613,
            0.952053
          ]
        ],
        [
          [
            0.926053,
            0.093532,
            0.365619
          ],
          [
            0.031449,
            0.946306,
            -0.321737
          ],
          [
            -0.37608,
            0.309444,
            0.873389
          ]
        ],
        [
          [
            0.998364,
            -0.047355,
            -0.032042
          ],
          [
            0.055605,
            0.93463,
            0.351247
          ],
          [
            0.013314,
            -0.352454,
