{
  "format": "gf5_keyframed_motion",
  "version": 1,
  "name": "HY-Motion: The a person leans his upper body slightly forward, turns his head toward both side extends right arms forward, and quickly swings it downward while stepping back",
  "profile_name": "course_body_24",
  "joint_order": [
    "pelvis",
    "left_hip",
    "right_hip",
    "spine1",
    "left_knee",
    "right_knee",
    "spine2",
    "left_ankle",
    "right_ankle",
    "spine3",
    "left_foot",
    "right_foot",
    "neck",
    "left_collar",
    "right_collar",
    "head",
    "left_shoulder",
    "right_shoulder",
    "left_elbow",
    "right_elbow",
    "left_wrist",
    "right_wrist",
    "left_hand",
    "right_hand"
  ],
  "coordinate_convention": {
    "name": "gf5_viewer_body",
    "up_axis": [
      0.0,
      0.0,
      1.0
    ],
    "forward_axis": [
      0.0,
      1.0,
      0.0
    ],
    "anatomical_right_axis": [
      1.0,
      0.0,
      0.0
    ],
    "native_smpl_to_viewer": "viewer=(-native_x, native_z, native_y)"
  },
  "duration_sec": 5.866667,
  "source_class": "hy_motion_import",
  "source_prompt": "The a person leans his upper body slightly forward, turns his head toward both side extends right arms forward, and quickly swings it downward while stepping back",
  "category": "other",
  "category_label": "Other",
  "root_contract": "scene_path",
  "default_root_mode": "path",
  "exported_at": "2026-06-03T13:53:15",
  "source_asset_name": null,
  "source": {
    "type": "hy_motion_1_0_fbx",
    "fbx_path": "20260603_144426945_a5e9da03_002.fbx",
    "prompt": "The a person leans his upper body slightly forward, turns his head toward both side extends right arms forward, and quickly swings it downward while stepping back",
    "unit_scale_to_meters": 0.01,
    "native_up_axis": "Y",
    "native_front_axis": "Z"
  },
  "keyframes": [
    {
      "time_sec": 0.0,
      "root_offset": [
        0.0,
        0.0,
        0.0
      ],
      "local_rotation_matrices": [
        [
          [
            0.991015,
            0.059898,
            0.119591
          ],
          [
            -0.078275,
            0.98474,
            0.155434
          ],
          [
            -0.108456,
            -0.163398,
            0.980581
          ]
        ],
        [
          [
            0.993766,
            0.021894,
            -0.109319
          ],
          [
            -0.069772,
            0.886912,
            -0.456639
          ],
          [
            0.086959,
            0.461419,
            0.88291
          ]
        ],
        [
          [
            0.946958,
            0.046519,
            -0.317972
          ],
          [
            -0.143979,
            0.946016,
            -0.290387
          ],
          [
            0.287298,
            0.320766,
            0.902535
          ]
        ],
        [
          [
            0.998239,
            0.000975,
            0.059317
          ],
          [
            0.002136,
            0.998626,
            -0.052364
          ],
          [
            -0.059287,
            0.052399,
            0.996865
          ]
        ],
        [
          [
            0.987047,
            0.159723,
            0.015078
          ],
          [
            -0.159845,
            0.971038,
            0.17758
          ],
          [
            0.013722,
            -0.17769,
            0.983991
          ]
        ],
        [
          [
            0.879175,
            0.412875,
            0.237877
          ],
          [
            -0.475877,
            0.786289,
            0.39407
          ],
          [
            -0.024338,
            -0.459656,
            0.887763
          ]
        ],
        [
          [
            0.98719,
            0.019476,
            -0.158359
          ],
          [
            0.050576,
            0.903141,
            0.426355
          ],
          [
            0.151324,
            -0.428902,
            0.890586
          ]
        ],
        [
          [
            0.846065,
            0.500729,
            -0.182877
          ],
          [
            -0.455953,
            0.857479,
            0.238404
          ],
          [
            0.27619,
            -0.118322,
            0.953792
          ]
        ],
        [
          [
            0.24099,
            0.942361,
            0.23212
          ],
          [
            -0.943208,
            0.283757,
            -0.172743
          ],
          [
            -0.228651,
            -0.177308,
            0.957225
          ]
        ],
        [
          [
            0.993856,
            -0.039447,
            -0.103416
          ],
          [
            0.084646,
            0.872891,
            0.480517
          ],
          [
            0.071316,
            -0.486318,
            0.870867
          ]
        ],
        [
          [
            0.848089,
            0.19601,
            0.492266
          ],
          [
            -0.138979,
            0.978822,
            -0.15031
          ],
          [
            -0.511303,
            0.059062,
            0.857369
          ]
        ],
        [
          [
            0.959804,
            -0.140336,
            -0.243069
          ],
          [
            -0.021185,
            0.827331,
            -0.561315
          ],
          [
            0.279871,
            0.543902,
            0.791103
          ]
        ],
        [
          [
            0.943312,
            0.268856,
            -0.194624
          ],
          [
            -0.264398,
            0.963166,
            0.049036
          ],
          [
            0.200639,
            0.005202,
            0.979651
          ]
        ],
        [
          [
            0.846008,
            -0.247389,
            -0.472302
          ],
          [
            0.080399,
            0.934901,
            -0.345681
          ],
          [
            0.527074,
            0.254476,
            0.810823
          ]
        ],
        [
          [
            0.963826,
            0.15699,
            0.215393
          ],
          [
            -0.074552,
            0.934662,
            -0.347633
          ],
          [
            -0.255894,
            0.318999,
            0.912556
          ]
        ],
        [
          [
            0.835996,
            -0.545858,
            0.05613
          ],
          [
            0.531945,
            0.781054,
            -0.327092
          ],
          [
            0.134705,
            0.303306,
            0.943324
          ]
        ],
        [
          [
            0.556414,
            -0.032859,
            -0.830255
          ],
          [
            0.059399,
            0.998234,
            0.000301
          ],
          [
            0.828779,
            -0.049484,
            0.557383
          ]
        ],
        [
          [
            0.452498,
            -0.095108,
            0.886679
          ],
          [
            0.036348,
            0.995437,
            0.088225
          ],
          [
            -0.891024,
            -0.007693,
            0.453891
          ]
        ],
        [
          [
            0.92534,
            0.208528,
            -0.316641
          ],
          [
            -0.241447,
            0.968022,
            -0.068091
          ],
          [
            0.292317,
            0.13946,
            0.946098
          ]
        ],
        [
          [
            0.869175,
            -0.49253,
            0.044141
          ],
          [
            0.485063,
            0.866536,
            0.117594
          ],
          [
            -0.096168,
            -0.080799,
            0.99208
          ]
        ],
        [
          [
            0.858714,
            0.49594,
            -0.129045
          ],
          [
            -0.354183,
            0.756367,
            0.549966
          ],
          [
            0.370356,
            -0.426558,
            0.825157
          ]
        ],
        [
          [
            0.954907,
            -0.277208,
            -0.106339
          ],
          [
            0.270491,
            0.959921,
            -0.073391
          ],
          [
            0.122421,
            0.041318,
            0.991618
          ]
        ],
        [
          [
            1.0,
            0.0,
            0.0
          ],
          [
            0.0,
            1.0,
            0.0
          ],
          [
            0.0,
            0.0,
            1.0
          ]
        ],
        [
          [
            1.0,
            0.0,
            0.0
          ],
          [
            0.0,
            1.0,
            0.0
          ],
          [
            0.0,
            0.0,
            1.0
          ]
        ]
      ]
    },
    {
      "time_sec": 0.033333,
      "root_offset": [
        -0.004307,
        -0.005067,
        -0.001396
      ],
      "local_rotation_matrices": [
        [
          [
            0.989052,
            0.075192,
            0.126971
          ],
          [
            -0.092629,
            0.986155,
            0.137545
          ],
          [
            -0.114871,
            -0.1478,
            0.982324
          ]
        ],
        [
          [
            0.99297,
            0.020642,
            -0.116549
          ],
          [
            -0.07126,
            0.89048,
            -0.449407
          ],
          [
            0.094508,
            0.454554,
            0.885691
          ]
        ],
        [
          [
            0.943796,
            0.045346,
            -0.327402
          ],
          [
            -0.144743,
            0.947218,
            -0.286055
          ],
          [
            0.29715,
            0.317366,
            0.900545
          ]
        ],
        [
          [
            0.998343,
            0.001159,
            0.057532
          ],
          [
            0.001923,
            0.998567,
            -0.053478
          ],
          [
            -0.057512,
            0.0535,
            0.99691
          ]
        ],
        [
          [
            0.988002,
            0.153658,
            0.015536
          ],
          [
            -0.153747,
            0.969035,
            0.193216
          ],
          [
            0.014634,
            -0.193286,
            0.981033
          ]
        ],
        [
          [
            0.885698,
            0.401151,
            0.233704
          ],
          [
            -0.46372,
            0.78872,
            0.40359
          ],
          [
            -0.022426,
            -0.465831,
            0.884589
          ]
        ],
        [
          [
            0.988614,
            0.01653,
            -0.149561
          ],
          [
            0.049239,
            0.903686,
            0.425356
          ],
          [
            0.142187,
            -0.427877,
            0.892583
          ]
        ],
        [
          [
            0.851593,
            0.490387,
            -0.185229
          ],
          [
            -0.447839,
            0.864255,
            0.229135
          ],
          [
            0.27245,
            -0.112178,
            0.955608
          ]
        ],
        [
          [
            0.229874,
            0.943763,
            0.237632
          ],
          [
            -0.942359,
            0.276848,
            -0.18792
          ],
          [
            -0.24314,
            -0.180737,
            0.953004
          ]
        ],
        [
          [
            0.994096,
            -0.043104,
            -0.099575
          ],
          [
            0.085928,
            0.873106,
            0.479898
          ],
          [
            0.066253,
            -0.48562,
            0.871655
          ]
        ],
        [
          [
            0.848364,
            0.195247,
            0.492094
          ],
          [
            -0.138507,
            0.97899,
            -0.149647
          ],
          [
            -0.510974,
            0.058797,
            0.857583
          ]
        ],
        [
          [
            0.957803,
            -0.143664,
            -0.248946
          ],
          [
            -0.021726,
            0.827458,
            -0.561107
          ],
          [
            0.286603,
            0.542839,
            0.789421
          ]
        ],
        [
          [
            0.943073,
            0.270839,
            -0.193029
          ],
          [
            -0.267056,
            0.962589,
            0.045864
          ],
          [
            0.19823,
            0.008297,
            0.980121
          ]
        ],
        [
          [
            0.84216,
            -0.249449,
            -0.478061
          ],
          [
            0.080775,
            0.934921,
            -0.345541
          ],
          [
            0.533144,
            0.252385,
            0.807502
          ]
        ],
        [
          [
            0.963539,
            0.160722,
            0.213916
          ],
          [
            -0.078127,
            0.933646,
            -0.349572
          ],
          [
            -0.255906,
            0.320114,
            0.912162
          ]
        ],
        [
          [
            0.843018,
            -0.534065,
            0.063993
          ],
          [
            0.523859,
            0.788212,
            -0.322946
          ],
          [
            0.122034,
            0.305772,
            0.944252
          ]
        ],
        [
          [
            0.557398,
            -0.039419,
            -0.829309
          ],
          [
            0.064311,
            0.997921,
            -0.004208
          ],
          [
            0.827751,
            -0.050988,
            0.558774
          ]
        ],
        [
          [
            0.454473,
            -0.097405,
            0.885419
          ],
          [
            0.036765,
            0.995207,
            0.090613
          ],
          [
            -0.890002,
            -0.008629,
            0.455876
          ]
        ],
        [
          [
            0.923804,
            0.213295,
            -0.317949
          ],
          [
            -0.244388,
            0.967766,
            -0.06085
          ],
          [
            0.294722,
            0.133916,
            0.946153
          ]
        ],
        [
          [
            0.868304,
            -0.494293,
            0.041507
          ],
          [
            0.487998,
            0.866243,
            0.107149
          ],
          [
            -0.088918,
            -0.072783,
            0.993376
          ]
        ],
        [
          [
            0.861236,
            0.491014,
            -0.131064
          ],
          [
            -0.34877,
            0.758632,
            0.550306
          ],
          [
            0.369637,
            -0.428233,
            0.824612
          ]
        ],
        [
          [
            0.960117,
            -0.256821,
            -0.110539
          ],
          [
            0.24951,
            0.965403,
            -0.075781
          ],
          [
            0.126176,
            0.045178,
            0.990979
          ]
        ],
        [
          [
            1.0,
            0.0,
            0.0
          ],
          [
            0.0,
            1.0,
            0.0
          ],
          [
            0.0,
            0.0,
            1.0
          ]
        ],
        [
          [
            1.0,
            0.0,
            0.0
          ],
          [
            0.0,
            1.0,
            0.0
          ],
          [
            0.0,
            0.0,
            1.0
          ]
        ]
      ]
    },
    {
      "time_sec": 0.066667,
      "root_offset": [
        -0.007868,
        -0.010177,
        -0.002958
      ],
      "local_rotation_matrices": [
        [
          [
            0.985732,
            0.100414,
            0.135091
          ],
          [
            -0.115687,
            0.987132,
            0.110397
          ],
          [
            -0.122268,
            -0.12445,
            0.984664
          ]
        ],
        [
          [
            0.99207,
            0.018855,
            -0.124265
          ],
          [
            -0.071984,
            0.895707,
            -0.43878
          ],
          [
            0.103032,
            0.444245,
            0.889961
          ]
        ],
        [
          [
            0.940047,
            0.043674,
            -0.338236
          ],
          [
            -0.14441,
            0.949441,
            -0.278759
          ],
          [
            0.30896,
            0.310891,
            0.898827
          ]
        ],
        [
          [
            0.998514,
            0.00134,
            0.054487
          ],
          [
            0.001655,
            0.998491,
            -0.054899
          ],
          [
            -0.054478,
            0.054908,
            0.997004
          ]
        ],
        [
          [
            0.989323,
            0.144862,
            0.015975
          ],
          [
            -0.144853,
            0.965299,
            0.217289
          ],
          [
            0.016057,
            -0.217283,
            0.975977
          ]
        ],
        [
          [
            0.895249,
            0.38388,
            0.226197
          ],
          [
            -0.445142,
            0.792717,
            0.416471
          ],
          [
            -0.019435,
            -0.473535,
            0.880561
          ]
        ],
        [
          [
            0.990643,
            0.012845,
            -0.13587
          ],
          [
            0.046378,
            0.904627,
            0.423674
          ],
          [
            0.128354,
            -0.426011,
            0.895567
          ]
        ],
        [
          [
            0.860527,
            0.47339,
            -0.188139
          ],
          [
            -0.434448,
            0.874861,
            0.21418
          ],
          [
            0.265986,
            -0.102571,
            0.958504
          ]
        ],
        [
          [
            0.214436,
            0.945231,
            0.246083
          ],
          [
            -0.940083,
            0.268103,
            -0.210629
          ],
          [
            -0.265068,
            -0.186172,
            0.946086
          ]
        ],
        [
          [
            0.994496,
            -0.0478,
            -0.093231
          ],
          [
            0.086842,
            0.8739,
            0.478285
          ],
          [
            0.058613,
            -0.483749,
            0.873242
          ]
        ],
        [
          [
            0.849324,
            0.193796,
            0.491011
          ],
          [
            -0.136749,
            0.979193,
            -0.149935
          ],
          [
            -0.509852,
            0.060198,
            0.858153
          ]
        ],
        [
          [
            0.954862,
            -0.147872,
            -0.257627
          ],
          [
            -0.022746,
            0.828346,
            -0.559755
          ],
          [
            0.296177,
            0.540349,
            0.787592
          ]
        ],
        [
          [
            0.94299,
            0.271155,
            -0.192991
          ],
          [
            -0.26845,
            0.96244,
            0.040544
          ],
          [
            0.196736,
            0.013576,
            0.980363
          ]
        ],
        [
          [
            0.83663,
            -0.252414,
            -0.486145
          ],
          [
            0.082739,
            0.935551,
            -0.343362
          ],
          [
            0.541483,
            0.247044,
            0.803595
          ]
        ],
        [
          [
            0.962953,
            0.16546,
            0.212944
          ],
          [
            -0.082482,
            0.932515,
            -0.351586
          ],
          [
            -0.256747,
            0.320997,
            0.911615
          ]
        ],
        [
          [
            0.855438,
            -0.511829,
            0.079108
          ],
          [
            0.50872,
            0.801765,
            -0.313651
          ],
          [
            0.097109,
            0.308553,
            0.946237
          ]
        ],
        [
          [
            0.559387,
            -0.049714,
            -0.827415
          ],
          [
            0.070795,
            0.997418,
            -0.012066
          ],
          [
            0.825878,
            -0.051827,
            0.561462
          ]
        ],
        [
          [
            0.457307,
            -0.097818,
            0.883913
          ],
          [
            0.03561,
            0.995149,
            0.091704
          ],
          [
            -0.888596,
            -0.01046,
            0.458572
          ]
        ],
        [
          [
            0.920527,
            0.22275,
            -0.320955
          ],
          [
            -0.250601,
            0.966915,
            -0.047684
          ],
          [
            0.299715,
            0.124326,
            0.945893
          ]
        ],
        [
          [
            0.865078,
            -0.50005,
            0.039883
          ],
          [
            0.495532,
            0.86421,
            0.087114
          ],
          [
            -0.078029,
            -0.055597,
            0.9954
          ]
        ],
        [
          [
            0.865386,
            0.482525,
            -0.135192
          ],
          [
            -0.340004,
            0.763582,
            0.548945
          ],
          [
            0.36811,
            -0.429083,
            0.824853
          ]
        ],
        [
          [
            0.966428,
            -0.227683,
            -0.119066
          ],
          [
            0.219676,
            0.972553,
            -0.076705
          ],
          [
            0.133262,
            0.047974,
            0.989919
          ]
        ],
        [
          [
            1.0,
            0.0,
            0.0
          ],
          [
            0.0,
            1.0,
            0.0
          ],
          [
            0.0,
            0.0,
            1.0
          ]
        ],
        [
          [
            1.0,
            0.0,
            0.0
          ],
          [
            0.0,
            1.0,
            0.0
          ],
          [
            0.0,
            0.0,
            1.0
          ]
        ]
      ]
    },
    {
      "time_sec": 0.1,
      "root_offset": [
        -0.010704,
        -0.01629,
        -0.004345
      ],
      "local_rotation_matrices": [
        [
          [
            0.981142,
            0.133122,
            0.140137
          ],
          [
            -0.145095,
            0.986262,
            0.078963
          ],
          [
            -0.1277,
            -0.097807,
            0.986978
          ]
        ],
        [
          [
            0.991572,
            0.017518,
            -0.128366
          ],
          [
            -0.070953,
            0.902443,
            -0.424927
          ],
          [
            0.108399,
            0.430454,
            0.89608
          ]
        ],
        [
          [
            0.937306,
            0.042261,
            -0.345935
          ],
          [
            -0.14256,
            0.952268,
            -0.26993
          ],
          [
            0.318015,
            0.302324,
            0.898592
          ]
        ],
        [
          [
            0.998716,
            0.001625,
            0.050624
          ],
          [
            0.001234,
            0.998407,
            -0.056405
          ],
          [
            -0.050635,
            0.056395,
            0.997124
          ]
        ],
        [
          [
            0.990645,
            0.135579,
            0.015516
          ],
          [
            -0.135306,
            0.961089,
            0.240831
          ],
          [
            0.017739,
            -0.240677,
            0.970443
          ]
        ],
        [
          [
            0.905888,
            0.36413,
            0.216278
          ],
          [
            -0.423218,
            0.797531,
            0.429921
          ],
          [
            -0.015941,
            -0.480993,
            0.87658
          ]
        ],
        [
          [
            0.992808,
            0.009102,
            -0.119372
          ],
          [
            0.042439,
            0.905593,
            0.422019
          ],
          [
            0.111944,
            -0.42405,
            0.898694
          ]
        ],
        [
          [
            0.872104,
            0.451203,
            -0.18934
          ],
          [
            -0.416302,
            0.887519,
            0.19749
          ],
          [
            0.257151,
            -0.093409,
            0.961846
          ]
        ],
        [
          [
            0.200404,
            0.945684,
            0.255969
          ],
          [
            -0.935749,
            0.26215,
            -0.235903
          ],
          [
            -0.290192,
            -0.192247,
            0.937459
          ]
        ],
        [
          [
            0.99503,
            -0.052663,
            -0.084507
          ],
          [
            0.086601,
            0.876566,
            0.473426
          ],
          [
            0.049144,
            -0.478392,
            0.87677
          ]
        ],
        [
          [
            0.853169,
            0.190683,
            0.485534
          ],
          [
            -0.132732,
            0.979513,
            -0.151448
          ],
          [
            -0.504466,
            0.064765,
            0.861
          ]
        ],
        [
          [
            0.951483,
            -0.151409,
            -0.267871
          ],
          [
            -0.023798,
            0.83174,
            -0.554656
          ],
          [
            0.306778,
            0.53412,
            0.787783
          ]
        ],
        [
          [
            0.943344,
            0.267766,
            -0.195967
          ],
          [
            -0.266329,
            0.963277,
            0.03415
          ],
          [
            0.197915,
            0.019976,
            0.980016
          ]
        ],
        [
          [
            0.830266,
            -0.254002,
            -0.496126
          ],
          [
            0.087081,
            0.938308,
            -0.334656
          ],
          [
            0.550522,
            0.23465,
            0.801164
          ]
        ],
        [
          [
            0.962067,
            0.169943,
            0.213415
          ],
          [
            -0.08766,
            0.933361,
            -0.348069
          ],
          [
            -0.258345,
            0.316158,
            0.912854
          ]
        ],
        [
          [
            0.870788,
            -0.481244,
            0.100658
          ],
          [
            0.488017,
            0.821157,
            -0.295873
          ],
          [
            0.059731,
            0.306766,
            0.949909
          ]
        ],
        [
          [
            0.562613,
            -0.06357,
            -0.824273
          ],
          [
            0.075258,
            0.996838,
            -0.025511
          ],
          [
            0.823288,
            -0.047681,
            0.565618
          ]
        ],
        [
          [
            0.460858,
            -0.093122,
            0.882575
          ],
          [
            0.035716,
            0.99562,
            0.0864
          ],
          [
            -0.886755,
            -0.008296,
            0.462166
          ]
        ],
        [
          [
            0.916319,
            0.236482,
            -0.323166
          ],
          [
            -0.258373,
            0.965697,
            -0.025939
          ],
          [
            0.305946,
            0.107266,
            0.945987
          ]
        ],
        [
          [
            0.860045,
            -0.508525,
            0.041533
          ],
          [
            0.505615,
            0.860367,
            0.064203
          ],
          [
            -0.068382,
            -0.034218,
            0.997072
          ]
        ],
        [
          [
            0.870719,
            0.471092,
            -0.141141
          ],
          [
            -0.328637,
            0.770894,
            0.545638
          ],
          [
            0.365851,
            -0.428713,
            0.82605
          ]
        ],
        [
          [
            0.971455,
            -0.19808,
            -0.130534
          ],
          [
            0.189076,
            0.978842,
            -0.078218
          ],
          [
            0.143266,
            0.051305,
            0.988353
          ]
        ],
        [
          [
            1.0,
            0.0,
            0.0
          ],
          [
            0.0,
            1.0,
            0.0
          ],
          [
            0.0,
            0.0,
            1.0
          ]
        ],
        [
          [
            1.0,
            0.0,
            0.0
          ],
          [
            0.0,
            1.0,
            0.0
          ],
          [
            0.0,
            0.0,
            1.0
          ]
        ]
      ]
    },
    {
      "time_sec": 0.133333,
      "root_offset": [
        -0.012959,
        -0.023503,
        -0.0053
      ],
      "local_rotation_matrices": [
        [
          [
            0.975203,
            0.170207,
            0.14145
          ],
          [
            -0.178494,
            0.982768,
            0.048029
          ],
          [
            -0.130838,
            -0.072086,
            0.98878
          ]
        ],
        [
          [
            0.991635,
            0.016749,
            -0.127984
          ],
          [
            -0.068105,
            0.910184,
            -0.408566
          ],
          [
            0.109646,
            0.413865,
            0.903711
          ]
        ],
        [
          [
            0.936117,
            0.041582,
            -0.349221
          ],
          [
            -0.140154,
            0.954837,
            -0.262
          ],
          [
            0.322554,
            0.294207,
            0.899667
          ]
        ],
        [
          [
            0.998926,
            0.002168,
            0.046291
          ],
          [
            0.000527,
            0.998309,
            -0.058131
          ],
          [
            -0.046339,
            0.058093,
            0.997235
          ]
        ],
        [
          [
            0.991797,
            0.127067,
            0.013901
          ],
          [
            -0.126365,
            0.95826,
            0.256455
          ],
          [
            0.019267,
            -0.256108,
            0.966456
          ]
        ],
        [
          [
            0.916356,
            0.3438,
            0.205168
          ],
          [
            -0.400162,
            0.802826,
            0.441974
          ],
          [
            -0.012763,
            -0.487105,
            0.87325
          ]
        ],
        [
          [
            0.994852,
            0.005085,
            -0.101213
          ],
          [
            0.038152,
            0.906465,
            0.420553
          ],
          [
            0.093885,
            -0.42225,
            0.901604
          ]
        ],
        [
          [
            0.884842,
            0.426261,
            -0.188034
          ],
          [
            -0.394801,
            0.900327,
            0.183149
          ],
          [
            0.247361,
            -0.087822,
            0.964935
          ]
        ],
        [
          [
            0.192102,
            0.944799,
            0.265428
          ],
          [
            -0.92981,
            0.261743,
            -0.258737
          ],
          [
            -0.313928,
            -0.197094,
            0.928764
          ]
        ],
        [
          [
            0.995615,
            -0.05782,
            -0.073532
          ],
          [
            0.085469,
            0.881761,
            0.463888
          ],
          [
            0.038015,
            -0.468139,
            0.882837
          ]
        ],
        [
          [
            0.860351,
            0.185436,
            0.474773
          ],
          [
            -0.126738,
            0.980047,
            -0.153119
          ],
          [
            -0.493694,
            0.071565,
            0.866686
          ]
        ],
        [
          [
            0.948089,
            -0.153422,
            -0.278548
          ],
          [
            -0.024341,
            0.838341,
            -0.544602
          ],
          [
            0.317072,
            0.523112,
            0.791088
          ]
        ],
        [
          [
            0.944194,
            0.261902,
            -0.19976
          ],
          [
            -0.261689,
            0.964747,
            0.027953
          ],
          [
            0.200039,
            0.025882,
            0.979446
          ]
        ],
        [
          [
            0.823492,
            -0.252738,
            -0.507921
          ],
          [
            0.093393,
            0.943465,
            -0.318043
          ],
          [
            0.559587,
            0.21447,
            0.80054
          ]
        ],
        [
          [
            0.960559,
            0.175557,
            0.215654
          ],
          [
            -0.096058,
            0.937261,
            -0.335134
          ],
          [
            -0.26096,
            0.301201,
            0.917158
          ]
        ],
        [
          [
            0.884715,
            -0.449405,
            0.123756
          ],
          [
            0.46581,
            0.842481,
            -0.270643
          ],
          [
            0.017366,
            0.297088,
            0.954692
          ]
        ],
        [
          [
            0.566704,
            -0.080044,
            -0.820024
          ],
          [
            0.075445,
            0.99613,
            -0.045096
          ],
          [
            0.82046,
            -0.036311,
            0.570549
          ]
        ],
        [
          [
            0.465444,
            -0.085078,
            0.880979
          ],
          [
            0.042465,
            0.99637,
            0.073786
          ],
          [
            -0.884058,
            0.003068,
            0.467367
          ]
        ],
        [
          [
            0.91279,
            0.251955,
            -0.321454
          ],
          [
            -0.264284,
            0.964429,
            0.005466
          ],
          [
            0.311397,
            0.079966,
            0.946909
          ]
        ],
        [
          [
            0.856207,
            -0.514778,
            0.043728
          ],
          [
            0.512748,
            0.85708,
            0.050023
          ],
          [
            -0.063229,
            -0.020408,
            0.99779
          ]
        ],
        [
          [
            0.876876,
            0.457543,
            -0.147452
          ],
          [
            -0.315088,
            0.778704,
            0.542531
          ],
          [
            0.363053,
            -0.429272,
            0.826993
          ]
        ],
        [
          [
            0.974512,
            -0.17517,
            -0.140146
          ],
          [
            0.164942,
            0.98292,
            -0.081629
          ],
          [
            0.152052,
            0.056432,
            0.98676
          ]
        ],
        [
          [
            1.0,
            0.0,
            0.0
          ],
          [
            0.0,
            1.0,
            0.0
          ],
          [
            0.0,
            0.0,
            1.0
          ]
        ],
        [
          [
            1.0,
            0.0,
            0.0
          ],
          [
            0.0,
            1.0,
            0.0
          ],
          [
            0.0,
            0.0,
            1.0
          ]
        ]
      ]
    },
    {
      "time_sec": 0.166667,
      "root_offset": [
        -0.014818,
        -0.031355,
        -0.005664
      ],
      "local_rotation_matrices": [
        [
          [
            0.968032,
            0.20778,
            0.140502
          ],
          [
            -0.212818,
            0.976851,
            0.021671
          ],
          [
            -0.132747,
            -0.05088,
            0.989843
          ]
        ],
        [
          [
            0.992098,
            0.016467,
            -0.124377
          ],
          [
            -0.064292,
            0.91802,
            -0.391288
          ],
          [
            0.107738,
            0.396193,
            0.911825
          ]
        ],
        [
          [
            0.936148,
            0.041568,
            -0.349142
          ],
          [
            -0.138186,
            0.956581,
            -0.256626
          ],
          [
            0.323315,
            0.288486,
            0.901245
          ]
        ],
        [
          [
            0.999133,
            0.002966,
            0.041534
          ],
          [
            -0.000478,
            0.998211,
            -0.059793
          ],
          [
            -0.041637,
            0.059721,
            0.997346
          ]
        ],
        [
          [
            0.992787,
            0.119347,
            0.011437
          ],
          [
            -0.118185,
            0.958122,
            0.260833
          ],
          [
            0.020172,
            -0.260303,
            0.965316
          ]
        ],
        [
          [
            0.925667,
            0.324875,
            0.1939
          ],
          [
            -0.378194,
            0.808802,
            0.450342
          ],
          [
            -0.010522,
            -0.490199,
            0.871547
          ]
        ],
        [
          [
            0.996652,
            0.000947,
            -0.081755
          ],
          [
            0.033461,
            0.907634,
            0.418426
          ],
          [
            0.0746,
            -0.419761,
            0.904564
          ]
        ],
        [
          [
            0.897035,
            0.401063,
            -0.185677
          ],
          [
            -0.371782,
            0.911935,
            0.173644
          ],
          [
            0.238967,
            -0.086733,
            0.967146
          ]
        ],
        [
          [
            0.191271,
            0.943019,
            0.272268
          ],
          [
            -0.923787,
            0.266697,
            -0.274754
          ],
          [
            -0.331711,
            -0.198965,
            0.922161
