{
  "format": "gf5_keyframed_motion",
  "version": 1,
  "name": "HY-Motion: The spectator throws both arms upward and bouncing on their feet  bouncing on the feet, leaning the upper body backward with head tilted up, to celebrate the victory of their favored winner",
  "profile_name": "course_body_24",
  "joint_order": [
    "pelvis",
    "left_hip",
    "right_hip",
    "spine1",
    "left_knee",
    "right_knee",
    "spine2",
    "left_ankle",
    "right_ankle",
    "spine3",
    "left_foot",
    "right_foot",
    "neck",
    "left_collar",
    "right_collar",
    "head",
    "left_shoulder",
    "right_shoulder",
    "left_elbow",
    "right_elbow",
    "left_wrist",
    "right_wrist",
    "left_hand",
    "right_hand"
  ],
  "coordinate_convention": {
    "name": "gf5_viewer_body",
    "up_axis": [
      0.0,
      0.0,
      1.0
    ],
    "forward_axis": [
      0.0,
      1.0,
      0.0
    ],
    "anatomical_right_axis": [
      1.0,
      0.0,
      0.0
    ],
    "native_smpl_to_viewer": "viewer=(-native_x, native_z, native_y)"
  },
  "duration_sec": 5.7,
  "source_class": "hy_motion_import",
  "source_prompt": "The spectator throws both arms upward and bouncing on their feet  bouncing on the feet, leaning the upper body backward with head tilted up, to celebrate the victory of their favored winner",
  "category": "other",
  "category_label": "Other",
  "root_contract": "spot",
  "default_root_mode": "path",
  "exported_at": "2026-06-04T11:15:55",
  "source_asset_name": null,
  "source": {
    "type": "hy_motion_1_0_fbx",
    "fbx_path": "20260603_182609230_17715c35_000.fbx",
    "prompt": "The spectator throws both arms upward and bouncing on their feet  bouncing on the feet, leaning the upper body backward with head tilted up, to celebrate the victory of their favored winner",
    "unit_scale_to_meters": 0.01,
    "native_up_axis": "Y",
    "native_front_axis": "Z"
  },
  "keyframes": [
    {
      "time_sec": 0.0,
      "root_offset": [
        0.0,
        0.0,
        0.0
      ],
      "local_rotation_matrices": [
        [
          [
            0.997187,
            0.074274,
            0.010091
          ],
          [
            -0.073637,
            0.995862,
            -0.053268
          ],
          [
            -0.014006,
            0.052375,
            0.998529
          ]
        ],
        [
          [
            0.9984,
            -0.056059,
            -0.007347
          ],
          [
            0.056272,
            0.99787,
            0.032993
          ],
          [
            0.005481,
            -0.033354,
            0.999429
          ]
        ],
        [
          [
            0.999666,
            -0.010595,
            -0.023558
          ],
          [
            0.008766,
            0.997035,
            -0.076445
          ],
          [
            0.024298,
            0.076213,
            0.996795
          ]
        ],
        [
          [
            0.999783,
            0.000871,
            -0.020816
          ],
          [
            -0.000843,
            0.999999,
            0.001353
          ],
          [
            0.020817,
            -0.001336,
            0.999782
          ]
        ],
        [
          [
            0.999868,
            -0.011514,
            -0.011468
          ],
          [
            0.012115,
            0.998478,
            0.053811
          ],
          [
            0.010831,
            -0.053943,
            0.998485
          ]
        ],
        [
          [
            0.999069,
            -0.042617,
            -0.006752
          ],
          [
            0.043148,
            0.986834,
            0.155875
          ],
          [
            2e-05,
            -0.156021,
            0.987754
          ]
        ],
        [
          [
            0.996126,
            -0.084324,
            0.024965
          ],
          [
            0.084458,
            0.996417,
            -0.004363
          ],
          [
            -0.024507,
            0.006454,
            0.999679
          ]
        ],
        [
          [
            0.987255,
            -0.15309,
            -0.043485
          ],
          [
            0.153103,
            0.988205,
            -0.003046
          ],
          [
            0.043438,
            -0.00365,
            0.999049
          ]
        ],
        [
          [
            0.986373,
            0.049024,
            0.157048
          ],
          [
            -0.041762,
            0.997915,
            -0.049216
          ],
          [
            -0.159133,
            0.041987,
            0.986364
          ]
        ],
        [
          [
            0.999478,
            -0.029123,
            -0.013992
          ],
          [
            0.029812,
            0.998212,
            0.051805
          ],
          [
            0.012458,
            -0.052195,
            0.998559
          ]
        ],
        [
          [
            0.986841,
            0.012913,
            0.161178
          ],
          [
            0.024779,
            0.972955,
            -0.229664
          ],
          [
            -0.159785,
            0.230635,
            0.959831
          ]
        ],
        [
          [
            0.906575,
            -0.069624,
            -0.416263
          ],
          [
            0.06703,
            0.997533,
            -0.020862
          ],
          [
            0.416689,
            -0.008989,
            0.909005
          ]
        ],
        [
          [
            0.976648,
            -0.180692,
            0.116227
          ],
          [
            0.176049,
            0.983155,
            0.049129
          ],
          [
            -0.123146,
            -0.02752,
            0.992007
          ]
        ],
        [
          [
            0.849784,
            -0.313098,
            -0.424072
          ],
          [
            0.359279,
            0.932705,
            0.031319
          ],
          [
            0.385728,
            -0.178974,
            0.905087
          ]
        ],
        [
          [
            0.78959,
            0.432982,
            0.434825
          ],
          [
            -0.468797,
            0.882867,
            -0.027845
          ],
          [
            -0.395949,
            -0.181859,
            0.900084
          ]
        ],
        [
          [
            0.951086,
            0.28853,
            -0.110395
          ],
          [
            -0.301606,
            0.944572,
            -0.129682
          ],
          [
            0.066859,
            0.156634,
            0.985391
          ]
        ],
        [
          [
            0.493094,
            0.082491,
            -0.866056
          ],
          [
            -0.244292,
            0.96857,
            -0.046833
          ],
          [
            0.834973,
            0.234664,
            0.497748
          ]
        ],
        [
          [
            0.499827,
            -0.054509,
            0.864408
          ],
          [
            0.198732,
            0.978609,
            -0.053203
          ],
          [
            -0.843018,
            0.198377,
            0.499968
          ]
        ],
        [
          [
            0.985554,
            0.168609,
            0.015968
          ],
          [
            -0.155896,
            0.866299,
            0.474576
          ],
          [
            0.066185,
            -0.470209,
            0.88007
          ]
        ],
        [
          [
            0.984275,
            -0.167909,
            0.054855
          ],
          [
            0.142663,
            0.938757,
            0.313659
          ],
          [
            -0.104162,
            -0.300901,
            0.94795
          ]
        ],
        [
          [
            0.952633,
            0.280821,
            -0.116749
          ],
          [
            -0.246854,
            0.938221,
            0.242496
          ],
          [
            0.177635,
            -0.20219,
            0.963102
          ]
        ],
        [
          [
            0.855842,
            -0.510322,
            0.084294
          ],
          [
            0.356494,
            0.700063,
            0.618728
          ],
          [
            -0.374761,
            -0.499484,
            0.78107
          ]
        ],
        [
          [
            1.0,
            0.0,
            0.0
          ],
          [
            0.0,
            1.0,
            0.0
          ],
          [
            0.0,
            0.0,
            1.0
          ]
        ],
        [
          [
            1.0,
            0.0,
            0.0
          ],
          [
            0.0,
            1.0,
            0.0
          ],
          [
            0.0,
            0.0,
            1.0
          ]
        ]
      ]
    },
    {
      "time_sec": 0.033333,
      "root_offset": [
        -0.001137,
        0.000852,
        3e-05
      ],
      "local_rotation_matrices": [
        [
          [
            0.997186,
            0.074325,
            0.009818
          ],
          [
            -0.073698,
            0.995844,
            -0.053502
          ],
          [
            -0.013754,
            0.052628,
            0.998519
          ]
        ],
        [
          [
            0.998399,
            -0.056083,
            -0.00734
          ],
          [
            0.056294,
            0.997877,
            0.032759
          ],
          [
            0.005487,
            -0.03312,
            0.999436
          ]
        ],
        [
          [
            0.999656,
            -0.010895,
            -0.023844
          ],
          [
            0.009044,
            0.997035,
            -0.076421
          ],
          [
            0.024606,
            0.076179,
            0.99679
          ]
        ],
        [
          [
            0.999784,
            0.00073,
            -0.020773
          ],
          [
            -0.000701,
            0.999999,
            0.001394
          ],
          [
            0.020774,
            -0.00138,
            0.999783
          ]
        ],
        [
          [
            0.99987,
            -0.011384,
            -0.01146
          ],
          [
            0.011991,
            0.998447,
            0.054412
          ],
          [
            0.010823,
            -0.054542,
            0.998453
          ]
        ],
        [
          [
            0.999092,
            -0.042102,
            -0.006567
          ],
          [
            0.042611,
            0.986806,
            0.156197
          ],
          [
            -9.6e-05,
            -0.156335,
            0.987704
          ]
        ],
        [
          [
            0.996099,
            -0.084638,
            0.024948
          ],
          [
            0.084764,
            0.996393,
            -0.004034
          ],
          [
            -0.024517,
            0.006133,
            0.999681
          ]
        ],
        [
          [
            0.987226,
            -0.153246,
            -0.043602
          ],
          [
            0.153239,
            0.988183,
            -0.003525
          ],
          [
            0.043627,
            -0.003202,
            0.999043
          ]
        ],
        [
          [
            0.986377,
            0.048658,
            0.157138
          ],
          [
            -0.041458,
            0.997949,
            -0.04878
          ],
          [
            -0.159189,
            0.0416,
            0.986371
          ]
        ],
        [
          [
            0.999471,
            -0.029315,
            -0.014092
          ],
          [
            0.030003,
            0.998228,
            0.051397
          ],
          [
            0.01256,
            -0.051792,
            0.998579
          ]
        ],
        [
          [
            0.986717,
            0.013132,
            0.161915
          ],
          [
            0.024731,
            0.972965,
            -0.229627
          ],
          [
            -0.160553,
            0.230581,
            0.959716
          ]
        ],
        [
          [
            0.906785,
            -0.069542,
            -0.415819
          ],
          [
            0.066824,
            0.997542,
            -0.021107
          ],
          [
            0.416265,
            -0.008647,
            0.909202
          ]
        ],
        [
          [
            0.976626,
            -0.181083,
            0.115807
          ],
          [
            0.176414,
            0.983073,
            0.049459
          ],
          [
            -0.122803,
            -0.027873,
            0.99204
          ]
        ],
        [
          [
            0.849581,
            -0.313285,
            -0.42434
          ],
          [
            0.360012,
            0.932384,
            0.03242
          ],
          [
            0.385491,
            -0.180311,
            0.904922
          ]
        ],
        [
          [
            0.789272,
            0.433042,
            0.435344
          ],
          [
            -0.469393,
            0.882579,
            -0.026911
          ],
          [
            -0.395879,
            -0.183107,
            0.899862
          ]
        ],
        [
          [
            0.950994,
            0.289273,
            -0.109232
          ],
          [
            -0.302128,
            0.944475,
            -0.129176
          ],
          [
            0.065799,
            0.155847,
            0.985587
          ]
        ],
        [
          [
            0.492695,
            0.08323,
            -0.866213
          ],
          [
            -0.245739,
            0.968208,
            -0.046743
          ],
          [
            0.834784,
            0.235892,
            0.497484
          ]
        ],
        [
          [
            0.499616,
            -0.054552,
            0.864527
          ],
          [
            0.199658,
            0.978396,
            -0.053647
          ],
          [
            -0.842923,
            0.199413,
            0.499715
          ]
        ],
        [
          [
            0.985505,
            0.168909,
            0.015803
          ],
          [
            -0.15604,
            0.865964,
            0.47514
          ],
          [
            0.066571,
            -0.470719,
            0.879768
          ]
        ],
        [
          [
            0.984283,
            -0.167734,
            0.055252
          ],
          [
            0.142292,
            0.93856,
            0.314418
          ],
          [
            -0.104596,
            -0.301615,
            0.947675
          ]
        ],
        [
          [
            0.9526,
            0.280918,
            -0.116782
          ],
          [
            -0.246821,
            0.938059,
            0.243157
          ],
          [
            0.177856,
            -0.202807,
            0.962931
          ]
        ],
        [
          [
            0.855638,
            -0.510606,
            0.084643
          ],
          [
            0.356454,
            0.699918,
            0.618915
          ],
          [
            -0.375265,
            -0.499396,
            0.780884
          ]
        ],
        [
          [
            1.0,
            0.0,
            0.0
          ],
          [
            0.0,
            1.0,
            0.0
          ],
          [
            0.0,
            0.0,
            1.0
          ]
        ],
        [
          [
            1.0,
            0.0,
            0.0
          ],
          [
            0.0,
            1.0,
            0.0
          ],
          [
            0.0,
            0.0,
            1.0
          ]
        ]
      ]
    },
    {
      "time_sec": 0.066667,
      "root_offset": [
        -0.002151,
        0.001052,
        4.7e-05
      ],
      "local_rotation_matrices": [
        [
          [
            0.997178,
            0.074477,
            0.009485
          ],
          [
            -0.073866,
            0.995823,
            -0.053673
          ],
          [
            -0.013442,
            0.052821,
            0.998514
          ]
        ],
        [
          [
            0.998391,
            -0.056205,
            -0.007518
          ],
          [
            0.056422,
            0.997871,
            0.032714
          ],
          [
            0.005663,
            -0.033086,
            0.999436
          ]
        ],
        [
          [
            0.999646,
            -0.011112,
            -0.02418
          ],
          [
            0.009242,
            0.997056,
            -0.076116
          ],
          [
            0.024954,
            0.075866,
            0.996806
          ]
        ],
        [
          [
            0.999784,
            0.000562,
            -0.020778
          ],
          [
            -0.00053,
            0.999999,
            0.00152
          ],
          [
            0.020779,
            -0.001509,
            0.999783
          ]
        ],
        [
          [
            0.999871,
            -0.011248,
            -0.011433
          ],
          [
            0.011856,
            0.998435,
            0.054662
          ],
          [
            0.0108,
            -0.054791,
            0.998439
          ]
        ],
        [
          [
            0.999122,
            -0.041422,
            -0.006318
          ],
          [
            0.041901,
            0.986873,
            0.155967
          ],
          [
            -0.000226,
            -0.156095,
            0.987742
          ]
        ],
        [
          [
            0.996065,
            -0.085013,
            0.025029
          ],
          [
            0.085134,
            0.996362,
            -0.003809
          ],
          [
            -0.024614,
            0.005925,
            0.999679
          ]
        ],
        [
          [
            0.987183,
            -0.153501,
            -0.043672
          ],
          [
            0.153469,
            0.988145,
            -0.004103
          ],
          [
            0.043784,
            -0.002652,
            0.999038
          ]
        ],
        [
          [
            0.986401,
            0.047965,
            0.157203
          ],
          [
            -0.040855,
            0.998004,
            -0.048157
          ],
          [
            -0.159199,
            0.041079,
            0.986392
          ]
        ],
        [
          [
            0.99946,
            -0.029611,
            -0.014222
          ],
          [
            0.030298,
            0.998249,
            0.050803
          ],
          [
            0.012693,
            -0.051207,
            0.998607
          ]
        ],
        [
          [
            0.986561,
            0.013145,
            0.162865
          ],
          [
            0.024881,
            0.973048,
            -0.229254
          ],
          [
            -0.161489,
            0.230226,
            0.959644
          ]
        ],
        [
          [
            0.9071,
            -0.06916,
            -0.415194
          ],
          [
            0.066346,
            0.997571,
            -0.021217
          ],
          [
            0.415653,
            -0.0083,
            0.909486
          ]
        ],
        [
          [
            0.976633,
            -0.181478,
            0.115123
          ],
          [
            0.176761,
            0.982982,
            0.050029
          ],
          [
            -0.122243,
            -0.028511,
            0.992091
          ]
        ],
        [
          [
            0.849443,
            -0.313372,
            -0.424553
          ],
          [
            0.360755,
            0.932047,
            0.033833
          ],
          [
            0.385101,
            -0.181898,
            0.904771
          ]
        ],
        [
          [
            0.788834,
            0.433147,
            0.436033
          ],
          [
            -0.470127,
            0.88222,
            -0.025867
          ],
          [
            -0.395882,
            -0.184586,
            0.899559
          ]
        ],
        [
          [
            0.95091,
            0.290192,
            -0.107511
          ],
          [
            -0.302744,
            0.944332,
            -0.128773
          ],
          [
            0.064157,
            0.155,
            0.985829
          ]
        ],
        [
          [
            0.492192,
            0.083856,
            -0.866439
          ],
          [
            -0.247563,
            0.967732,
            -0.046973
          ],
          [
            0.834542,
            0.237618,
            0.497069
          ]
        ],
        [
          [
            0.499194,
            -0.054552,
            0.864771
          ],
          [
            0.200518,
            0.978198,
            -0.054043
          ],
          [
            -0.84297,
            0.20038,
            0.49925
          ]
        ],
        [
          [
            0.98536,
            0.169777,
            0.015519
          ],
          [
            -0.156695,
            0.86603,
            0.474804
          ],
          [
            0.067171,
            -0.470284,
            0.879955
          ]
        ],
        [
          [
            0.984295,
            -0.167548,
            0.055593
          ],
          [
            0.1419,
            0.938281,
            0.315426
          ],
          [
            -0.10501,
            -0.302584,
            0.94732
          ]
        ],
        [
          [
            0.952572,
            0.28037,
            -0.118319
          ],
          [
            -0.245663,
            0.937944,
            0.244765
          ],
          [
            0.179602,
            -0.20409,
            0.962336
          ]
        ],
        [
          [
            0.855199,
            -0.511228,
            0.08533
          ],
          [
            0.356327,
            0.699476,
            0.619487
          ],
          [
            -0.376385,
            -0.499379,
            0.780356
          ]
        ],
        [
          [
            1.0,
            0.0,
            0.0
          ],
          [
            0.0,
            1.0,
            0.0
          ],
          [
            0.0,
            0.0,
            1.0
          ]
        ],
        [
          [
            1.0,
            0.0,
            0.0
          ],
          [
            0.0,
            1.0,
            0.0
          ],
          [
            0.0,
            0.0,
            1.0
          ]
        ]
      ]
    },
    {
      "time_sec": 0.1,
      "root_offset": [
        -0.002864,
        0.001223,
        0.000135
      ],
      "local_rotation_matrices": [
        [
          [
            0.997161,
            0.074733,
            0.009208
          ],
          [
            -0.074134,
            0.995799,
            -0.053749
          ],
          [
            -0.013186,
            0.052914,
            0.998512
          ]
        ],
        [
          [
            0.998384,
            -0.05629,
            -0.007809
          ],
          [
            0.05652,
            0.997847,
            0.033256
          ],
          [
            0.00592,
            -0.033644,
            0.999416
          ]
        ],
        [
          [
            0.999637,
            -0.011164,
            -0.024513
          ],
          [
            0.009283,
            0.997098,
            -0.075563
          ],
          [
            0.025285,
            0.075308,
            0.99684
          ]
        ],
        [
          [
            0.999782,
            0.000458,
            -0.020888
          ],
          [
            -0.000422,
            0.999998,
            0.001729
          ],
          [
            0.020889,
            -0.00172,
            0.99978
          ]
        ],
        [
          [
            0.999872,
            -0.011126,
            -0.011462
          ],
          [
            0.011728,
            0.998478,
            0.053892
          ],
          [
            0.010845,
            -0.054019,
            0.998481
          ]
        ],
        [
          [
            0.999149,
            -0.04079,
            -0.006156
          ],
          [
            0.041251,
            0.987009,
            0.155277
          ],
          [
            -0.000258,
            -0.155399,
            0.987852
          ]
        ],
        [
          [
            0.996039,
            -0.085292,
            0.025122
          ],
          [
            0.085414,
            0.996338,
            -0.003811
          ],
          [
            -0.024704,
            0.005942,
            0.999677
          ]
        ],
        [
          [
            0.987128,
            -0.153898,
            -0.043511
          ],
          [
            0.153857,
            0.988084,
            -0.004317
          ],
          [
            0.043657,
            -0.002433,
            0.999044
          ]
        ],
        [
          [
            0.986447,
            0.047002,
            0.157206
          ],
          [
            -0.039958,
            0.998063,
            -0.047672
          ],
          [
            -0.159142,
            0.040744,
            0.986414
          ]
        ],
        [
          [
            0.99945,
            -0.029889,
            -0.01435
          ],
          [
            0.030577,
            0.998263,
            0.050354
          ],
          [
            0.01282,
            -0.050765,
            0.998628
          ]
        ],
        [
          [
            0.986428,
            0.012877,
            0.163689
          ],
          [
            0.025244,
            0.973175,
            -0.228679
          ],
          [
            -0.162243,
            0.229708,
            0.959641
          ]
        ],
        [
          [
            0.907364,
            -0.068382,
            -0.414746
          ],
          [
            0.065589,
            0.997626,
            -0.020993
          ],
          [
            0.415197,
            -0.008155,
            0.909695
          ]
        ],
        [
          [
            0.976706,
            -0.181762,
            0.114054
          ],
          [
            0.176997,
            0.982905,
            0.050686
          ],
          [
            -0.121317,
            -0.029318,
            0.992181
          ]
        ],
        [
          [
            0.849486,
            -0.31343,
            -0.424424
          ],
          [
            0.361162,
            0.931857,
            0.034705
          ],
          [
            0.384625,
            -0.182767,
            0.904798
          ]
        ],
        [
          [
            0.78852,
            0.43325,
            0.436498
          ],
          [
            -0.470595,
            0.881986,
            -0.025308
          ],
          [
            -0.39595,
            -0.185458,
            0.899349
          ]
        ],
        [
          [
            0.950944,
            0.290824,
            -0.105483
          ],
          [
            -0.303069,
            0.9442,
            -0.128979
          ],
          [
            0.062087,
            0.154621,
            0.986021
          ]
        ],
        [
          [
            0.491747,
            0.083987,
            -0.866678
          ],
          [
            -0.249071,
            0.967316,
            -0.047581
          ],
          [
            0.834355,
            0.239262,
            0.496593
          ]
        ],
        [
          [
            0.49862,
            -0.054445,
            0.865109
          ],
          [
            0.200882,
            0.978113,
            -0.054225
          ],
          [
            -0.843223,
            0.200823,
            0.498644
          ]
        ],
        [
          [
            0.985155,
            0.171008,
            0.015042
          ],
          [
            -0.157679,
            0.866745,
            0.473171
          ],
          [
            0.067878,
            -0.468518,
            0.880842
          ]
        ],
        [
          [
            0.98429,
            -0.167476,
            0.055894
          ],
          [
            0.14166,
            0.938077,
            0.316139
          ],
          [
            -0.105378,
            -0.303254,
            0.947065
          ]
        ],
        [
          [
            0.952541,
            0.278958,
            -0.121849
          ],
          [
            -0.2431,
            0.938013,
            0.247052
          ],
          [
            0.183213,
            -0.205706,
            0.961311
          ]
        ],
        [
          [
            0.854585,
            -0.512061,
            0.086472
          ],
          [
            0.355992,
            0.698879,
            0.620353
          ],
          [
            -0.378092,
            -0.499361,
            0.779542
          ]
        ],
        [
          [
            1.0,
            0.0,
            0.0
          ],
          [
            0.0,
            1.0,
            0.0
          ],
          [
            0.0,
            0.0,
            1.0
          ]
        ],
        [
          [
            1.0,
            0.0,
            0.0
          ],
          [
            0.0,
            1.0,
            0.0
          ],
          [
            0.0,
            0.0,
            1.0
          ]
        ]
      ]
    },
    {
      "time_sec": 0.133333,
      "root_offset": [
        -0.003302,
        0.001646,
        0.000277
      ],
      "local_rotation_matrices": [
        [
          [
            0.997146,
            0.074963,
            0.009015
          ],
          [
            -0.074373,
            0.995773,
            -0.053886
          ],
          [
            -0.013016,
            0.053062,
            0.998506
          ]
        ],
        [
          [
            0.998385,
            -0.056226,
            -0.008144
          ],
          [
            0.056475,
            0.997809,
            0.034464
          ],
          [
            0.006188,
            -0.034869,
            0.999373
          ]
        ],
        [
          [
            0.999628,
            -0.011198,
            -0.024849
          ],
          [
            0.009313,
            0.997161,
            -0.074721
          ],
          [
            0.025615,
            0.074462,
            0.996895
          ]
        ],
        [
          [
            0.999779,
            0.000451,
            -0.021007
          ],
          [
            -0.000412,
            0.999998,
            0.001885
          ],
          [
            0.021008,
            -0.001875,
            0.999777
          ]
        ],
        [
          [
            0.999876,
            -0.010752,
            -0.011495
          ],
          [
            0.01134,
            0.998566,
            0.052316
          ],
          [
            0.010916,
            -0.05244,
            0.998564
          ]
        ],
        [
          [
            0.999166,
            -0.04037,
            -0.006122
          ],
          [
            0.040831,
            0.987139,
            0.154564
          ],
          [
            -0.000196,
            -0.154685,
            0.987964
          ]
        ],
        [
          [
            0.996027,
            -0.08543,
            0.025147
          ],
          [
            0.085555,
            0.996326,
            -0.003915
          ],
          [
            -0.02472,
            0.006051,
            0.999676
          ]
        ],
        [
          [
            0.987059,
            -0.15447,
            -0.043054
          ],
          [
            0.154432,
            0.987994,
            -0.004229
          ],
          [
            0.04319,
            -0.002475,
            0.999064
          ]
        ],
        [
          [
            0.986465,
            0.046111,
            0.157356
          ],
          [
            -0.039096,
            0.998111,
            -0.04739
          ],
          [
            -0.159244,
            0.040596,
            0.986404
          ]
        ],
        [
          [
            0.999444,
            -0.03001,
            -0.014502
          ],
          [
            0.030706,
            0.998259,
            0.050363
          ],
          [
            0.012966,
            -0.05078,
            0.998626
          ]
        ],
        [
          [
            0.986351,
            0.01245,
            0.164185
          ],
          [
            0.025731,
            0.973232,
            -0.228381
          ],
          [
            -0.162633,
            0.229488,
            0.959628
          ]
        ],
        [
          [
            0.907405,
            -0.067464,
            -0.414807
          ],
          [
            0.064777,
            0.997688,
            -0.020561
          ],
          [
            0.415235,
            -0.008213,
            0.909677
          ]
        ],
        [
          [
            0.976811,
            -0.182082,
            0.112634
          ],
          [
            0.177294,
            0.982823,
            0.051241
          ],
          [
            -0.120029,
            -0.030084,
            0.992314
          ]
        ],
        [
          [
            0.849727,
            -0.313588,
            -0.423824
          ],
          [
            0.361092,
            0.931894,
            0.034445
          ],
          [
            0.384157,
            -0.182309,
            0.905089
          ]
        ],
        [
          [
            0.78841,
            0.433366,
            0.436582
          ],
          [
            -0.470716,
            0.88192,
            -0.025373
          ],
          [
            -0.396027,
            -0.185501,
            0.899306
          ]
        ],
        [
          [
            0.951073,
            0.291194,
            -0.103276
          ],
          [
            -0.303152,
            0.944042,
            -0.12994
          ],
          [
            0.059659,
            0.154891,
            0.986129
          ]
        ],
        [
          [
            0.491562,
            0.083672,
            -0.866813
          ],
          [
            -0.249545,
            0.967165,
            -0.048156
          ],
          [
            0.834322,
            0.239981,
            0.496302
          ]
        ],
        [
          [
            0.497995,
            -0.054332,
            0.865476
          ],
          [
            0.200659,
            0.978169,
            -0.054052
          ],
          [
            -0.843645,
            0.200583,
            0.498025
          ]
        ],
        [
          [
            0.984972,
            0.172103,
            0.014508
          ],
          [
            -0.158576,
            0.867866,
            0.47081
          ],
          [
            0.068437,
            -0.466035,
            0.882115
          ]
        ],
        [
          [
            0.984242,
            -0.167567,
            0.056473
          ],
          [
            0.141582,
            0.938123,
            0.316038
          ],
          [
            -0.105936,
            -0.303062,
            0.947064
          ]
        ],
        [
          [
            0.952484,
            0.277357,
            -0.125889
          ],
          [
            -0.240329,
            0.93826,
            0.248816
          ],
          [
            0.187128,
            -0.206739,
            0.960334
          ]
        ],
        [
          [
            0.853968,
            -0.512853,
            0.087865
          ],
          [
            0.355472,
            0.698343,
            0.621254
          ],
          [
            -0.379972,
            -0.499297,
            0.778668
          ]
        ],
        [
          [
            1.0,
            0.0,
            0.0
          ],
          [
            0.0,
            1.0,
            0.0
          ],
          [
            0.0,
            0.0,
            1.0
          ]
        ],
        [
          [
            1.0,
            0.0,
            0.0
          ],
          [
            0.0,
            1.0,
            0.0
          ],
          [
            0.0,
            0.0,
            1.0
          ]
        ]
      ]
    },
    {
      "time_sec": 0.166667,
      "root_offset": [
        -0.003615,
        0.002356,
        0.000402
      ],
      "local_rotation_matrices": [
        [
          [
            0.997129,
            0.075192,
            0.008927
          ],
          [
            -0.074602,
            0.99574,
            -0.054192
          ],
          [
            -0.012964,
            0.05337,
            0.998491
          ]
        ],
        [
          [
            0.998385,
            -0.056163,
            -0.008612
          ],
          [
            0.056439,
            0.997751,
            0.036163
          ],
          [
            0.006562,
            -0.03659,
            0.999309
          ]
        ],
        [
          [
            0.999618,
            -0.011261,
            -0.025252
          ],
          [
            0.009371,
            0.997233,
            -0.073748
          ],
          [
            0.026012,
            0.073483,
            0.996957
          ]
        ],
        [
          [
            0.999778,
            0.000463,
            -0.021041
          ],
          [
            -0.000424,
            0.999998,
            0.001885
          ],
          [
            0.021042,
            -0.001876,
            0.999777
          ]
        ],
        [
          [
            0.999884,
            -0.010062,
            -0.011464
          ],
          [
            0.01063,
            0.998665,
            0.050542
          ],
          [
            0.01094,
            -0.050658,
            0.998656
          ]
        ],
        [
          [
            0.999162,
            -0.040446,
            -0.006219
          ],
          [
            0.040921,
            0.987196,
            0.154173
          ],
          [
            -9.7e-05,
            -0.154299,
            0.988024
          ]
        ],
        [
          [
            0.996032,
            -0.085393,
            0.025072
          ],
          [
            0.08552,
            0.996328,
            -0.004067
          ],
          [
            -0.024632,
            0.006195,
            0.999677
          ]
        ],
        [
          [
            0.986976,
            -0.155168,
            -0.042444
          ],
          [
            0.155137,
            0.987885,
            -0.004031
          ],
          [
            0.042555,
            -0.002607,
            0.999091
          ]
        ],
        [
          [
            0.986404,
            0.045744,
            0.157843
          ],
          [
            -0.038703,
            0.998126,
