{
  "format": "gf5_keyframed_motion",
  "version": 1,
  "name": "HY-Motion: a person dodging during a boxing match to avoid being hit",
  "profile_name": "course_body_24",
  "joint_order": [
    "pelvis",
    "left_hip",
    "right_hip",
    "spine1",
    "left_knee",
    "right_knee",
    "spine2",
    "left_ankle",
    "right_ankle",
    "spine3",
    "left_foot",
    "right_foot",
    "neck",
    "left_collar",
    "right_collar",
    "head",
    "left_shoulder",
    "right_shoulder",
    "left_elbow",
    "right_elbow",
    "left_wrist",
    "right_wrist",
    "left_hand",
    "right_hand"
  ],
  "coordinate_convention": {
    "name": "gf5_viewer_body",
    "up_axis": [
      0.0,
      0.0,
      1.0
    ],
    "forward_axis": [
      0.0,
      1.0,
      0.0
    ],
    "anatomical_right_axis": [
      1.0,
      0.0,
      0.0
    ],
    "native_smpl_to_viewer": "viewer=(-native_x, native_z, native_y)"
  },
  "duration_sec": 2.0,
  "source_class": "hy_motion_import",
  "source_prompt": "a person dodging during a boxing match to avoid being hit",
  "category": "other",
  "category_label": "Other",
  "root_contract": "spot",
  "default_root_mode": "path",
  "exported_at": "2026-05-29T15:51:35",
  "source_asset_name": null,
  "source": {
    "type": "hy_motion_1_0_fbx",
    "fbx_path": "20260529_165003714_3de4fab1_000.fbx",
    "prompt": "a person dodging during a boxing match to avoid being hit",
    "unit_scale_to_meters": 0.01,
    "native_up_axis": "Y",
    "native_front_axis": "Z"
  },
  "keyframes": [
    {
      "time_sec": 0.0,
      "root_offset": [
        0.0,
        0.0,
        0.0
      ],
      "local_rotation_matrices": [
        [
          [
            0.995614,
            -0.092653,
            0.012971
          ],
          [
            0.09311,
            0.994821,
            -0.040762
          ],
          [
            -0.009127,
            0.041791,
            0.999085
          ]
        ],
        [
          [
            0.984397,
            0.007598,
            0.1758
          ],
          [
            0.012308,
            0.993647,
            -0.111863
          ],
          [
            -0.175534,
            0.112281,
            0.97805
          ]
        ],
        [
          [
            0.890345,
            0.306643,
            -0.336536
          ],
          [
            -0.422619,
            0.831578,
            -0.360377
          ],
          [
            0.169349,
            0.463087,
            0.869984
          ]
        ],
        [
          [
            0.996172,
            0.073009,
            0.048074
          ],
          [
            -0.082864,
            0.96382,
            0.253349
          ],
          [
            -0.027838,
            -0.256362,
            0.96618
          ]
        ],
        [
          [
            0.998092,
            0.021214,
            -0.057992
          ],
          [
            0.009165,
            0.877846,
            0.478855
          ],
          [
            0.061066,
            -0.478473,
            0.875977
          ]
        ],
        [
          [
            0.99913,
            -0.039038,
            0.014685
          ],
          [
            0.028023,
            0.889078,
            0.456897
          ],
          [
            -0.030892,
            -0.456088,
            0.889398
          ]
        ],
        [
          [
            0.999523,
            0.019923,
            -0.023585
          ],
          [
            -0.022047,
            0.995376,
            -0.093495
          ],
          [
            0.021613,
            0.09397,
            0.99534
          ]
        ],
        [
          [
            0.937393,
            -0.084833,
            -0.337784
          ],
          [
            -0.019665,
            0.955441,
            -0.294525
          ],
          [
            0.347719,
            0.282728,
            0.893956
          ]
        ],
        [
          [
            0.965063,
            0.019984,
            0.261254
          ],
          [
            -0.052713,
            0.991509,
            0.118876
          ],
          [
            -0.25666,
            -0.128494,
            0.957922
          ]
        ],
        [
          [
            0.99801,
            0.037144,
            0.05096
          ],
          [
            -0.05091,
            0.95146,
            0.303532
          ],
          [
            -0.037212,
            -0.305522,
            0.951458
          ]
        ],
        [
          [
            0.91441,
            0.286626,
            0.285832
          ],
          [
            -0.196572,
            0.931702,
            -0.305435
          ],
          [
            -0.353856,
            0.223106,
            0.9083
          ]
        ],
        [
          [
            0.915931,
            -0.143458,
            -0.374819
          ],
          [
            -0.022359,
            0.914241,
            -0.404554
          ],
          [
            0.400712,
            0.378925,
            0.834174
          ]
        ],
        [
          [
            0.797609,
            0.215325,
            0.563431
          ],
          [
            -0.257601,
            0.96624,
            -0.004597
          ],
          [
            -0.5454,
            -0.141474,
            0.82615
          ]
        ],
        [
          [
            0.983292,
            0.117408,
            -0.139112
          ],
          [
            -0.140939,
            0.97468,
            -0.173592
          ],
          [
            0.115209,
            0.190298,
            0.974943
          ]
        ],
        [
          [
            0.99544,
            -0.073666,
            0.060594
          ],
          [
            0.087933,
            0.954872,
            -0.283704
          ],
          [
            -0.03696,
            0.287739,
            0.956995
          ]
        ],
        [
          [
            0.913632,
            0.173407,
            -0.367705
          ],
          [
            -0.234922,
            0.963363,
            -0.129395
          ],
          [
            0.331795,
            0.204601,
            0.920896
          ]
        ],
        [
          [
            0.041882,
            0.999101,
            0.006561
          ],
          [
            -0.885601,
            0.034083,
            0.463195
          ],
          [
            0.462555,
            -0.02521,
            0.886232
          ]
        ],
        [
          [
            0.586309,
            -0.703538,
            0.401593
          ],
          [
            0.621232,
            0.708651,
            0.334491
          ],
          [
            -0.519916,
            0.053367,
            0.852549
          ]
        ],
        [
          [
            -0.106347,
            0.565804,
            0.817653
          ],
          [
            -0.671054,
            0.565968,
            -0.478922
          ],
          [
            -0.733742,
            -0.599621,
            0.319496
          ]
        ],
        [
          [
            -0.446283,
            -0.485734,
            -0.751595
          ],
          [
            0.628424,
            0.427837,
            -0.649645
          ],
          [
            0.637115,
            -0.762245,
            0.11431
          ]
        ],
        [
          [
            0.921527,
            0.369479,
            -0.119471
          ],
          [
            -0.251517,
            0.333529,
            -0.908569
          ],
          [
            -0.29585,
            0.86732,
            0.400286
          ]
        ],
        [
          [
            0.926003,
            -0.344582,
            -0.154215
          ],
          [
            0.064912,
            0.547745,
            -0.834123
          ],
          [
            0.371894,
            0.76239,
            0.529581
          ]
        ],
        [
          [
            1.0,
            0.0,
            0.0
          ],
          [
            0.0,
            1.0,
            0.0
          ],
          [
            0.0,
            0.0,
            1.0
          ]
        ],
        [
          [
            1.0,
            0.0,
            0.0
          ],
          [
            0.0,
            1.0,
            0.0
          ],
          [
            0.0,
            0.0,
            1.0
          ]
        ]
      ]
    },
    {
      "time_sec": 0.033333,
      "root_offset": [
        0.000195,
        0.002143,
        -0.000811
      ],
      "local_rotation_matrices": [
        [
          [
            0.996682,
            -0.080493,
            0.012102
          ],
          [
            0.080887,
            0.996048,
            -0.036688
          ],
          [
            -0.009101,
            0.037545,
            0.999253
          ]
        ],
        [
          [
            0.984787,
            0.003228,
            0.173735
          ],
          [
            0.01722,
            0.993093,
            -0.116061
          ],
          [
            -0.17291,
            0.117287,
            0.977929
          ]
        ],
        [
          [
            0.893391,
            0.300295,
            -0.33418
          ],
          [
            -0.416403,
            0.832739,
            -0.364902
          ],
          [
            0.168706,
            0.465154,
            0.869005
          ]
        ],
        [
          [
            0.996336,
            0.070143,
            0.048935
          ],
          [
            -0.080249,
            0.964576,
            0.251305
          ],
          [
            -0.029574,
            -0.254311,
            0.96667
          ]
        ],
        [
          [
            0.99807,
            0.019897,
            -0.058828
          ],
          [
            0.010923,
            0.876274,
            0.481689
          ],
          [
            0.061133,
            -0.481402,
            0.874365
          ]
        ],
        [
          [
            0.999174,
            -0.03775,
            0.01505
          ],
          [
            0.027003,
            0.893469,
            0.448313
          ],
          [
            -0.030371,
            -0.447536,
            0.89375
          ]
        ],
        [
          [
            0.999506,
            0.019141,
            -0.024918
          ],
          [
            -0.021404,
            0.995345,
            -0.093969
          ],
          [
            0.023003,
            0.094456,
            0.995263
          ]
        ],
        [
          [
            0.937249,
            -0.091166,
            -0.336531
          ],
          [
            -0.014009,
            0.954584,
            -0.297612
          ],
          [
            0.348379,
            0.283651,
            0.893406
          ]
        ],
        [
          [
            0.964363,
            0.010504,
            0.264376
          ],
          [
            -0.045382,
            0.99097,
            0.126169
          ],
          [
            -0.260663,
            -0.133671,
            0.956131
          ]
        ],
        [
          [
            0.99823,
            0.035294,
            0.047877
          ],
          [
            -0.0482,
            0.95163,
            0.303441
          ],
          [
            -0.034852,
            -0.305212,
            0.951647
          ]
        ],
        [
          [
            0.913334,
            0.285493,
            0.290371
          ],
          [
            -0.194633,
            0.932402,
            -0.30454
          ],
          [
            -0.357686,
            0.221631,
            0.90716
          ]
        ],
        [
          [
            0.918542,
            -0.138938,
            -0.370105
          ],
          [
            -0.023041,
            0.915799,
            -0.400976
          ],
          [
            0.394652,
            0.37684,
            0.837998
          ]
        ],
        [
          [
            0.796869,
            0.211518,
            0.565915
          ],
          [
            -0.256016,
            0.966672,
            -0.000808
          ],
          [
            -0.547225,
            -0.144239,
            0.824463
          ]
        ],
        [
          [
            0.982757,
            0.114684,
            -0.14504
          ],
          [
            -0.139836,
            0.974191,
            -0.177194
          ],
          [
            0.120975,
            0.19442,
            0.97343
          ]
        ],
        [
          [
            0.995262,
            -0.081228,
            0.053433
          ],
          [
            0.093283,
            0.952701,
            -0.289238
          ],
          [
            -0.027411,
            0.292852,
            0.955765
          ]
        ],
        [
          [
            0.915236,
            0.16938,
            -0.365586
          ],
          [
            -0.231073,
            0.963958,
            -0.131874
          ],
          [
            0.330073,
            0.205173,
            0.921388
          ]
        ],
        [
          [
            0.04405,
            0.999016,
            0.005099
          ],
          [
            -0.879812,
            0.036375,
            0.473927
          ],
          [
            0.473276,
            -0.025363,
            0.880549
          ]
        ],
        [
          [
            0.589656,
            -0.702107,
            0.39919
          ],
          [
            0.624989,
            0.709722,
            0.325089
          ],
          [
            -0.511561,
            0.057799,
            0.857301
          ]
        ],
        [
          [
            -0.110793,
            0.565738,
            0.817108
          ],
          [
            -0.668589,
            0.565885,
            -0.482455
          ],
          [
            -0.735332,
            -0.599762,
            0.315551
          ]
        ],
        [
          [
            -0.440776,
            -0.488493,
            -0.753055
          ],
          [
            0.628647,
            0.430844,
            -0.647438
          ],
          [
            0.640718,
            -0.758781,
            0.117184
          ]
        ],
        [
          [
            0.921858,
            0.367894,
            -0.121785
          ],
          [
            -0.255312,
            0.340155,
            -0.905047
          ],
          [
            -0.291536,
            0.865418,
            0.407502
          ]
        ],
        [
          [
            0.92661,
            -0.345133,
            -0.149254
          ],
          [
            0.069024,
            0.546302,
            -0.83474
          ],
          [
            0.369634,
            0.763176,
            0.530031
          ]
        ],
        [
          [
            1.0,
            0.0,
            0.0
          ],
          [
            0.0,
            1.0,
            0.0
          ],
          [
            0.0,
            0.0,
            1.0
          ]
        ],
        [
          [
            1.0,
            0.0,
            0.0
          ],
          [
            0.0,
            1.0,
            0.0
          ],
          [
            0.0,
            0.0,
            1.0
          ]
        ]
      ]
    },
    {
      "time_sec": 0.066667,
      "root_offset": [
        -0.003781,
        0.000471,
        -0.000382
      ],
      "local_rotation_matrices": [
        [
          [
            0.998242,
            -0.058582,
            0.00905
          ],
          [
            0.058832,
            0.997805,
            -0.030396
          ],
          [
            -0.00725,
            0.030875,
            0.999497
          ]
        ],
        [
          [
            0.985239,
            -0.002186,
            0.171172
          ],
          [
            0.023282,
            0.992339,
            -0.121334
          ],
          [
            -0.169595,
            0.123528,
            0.977742
          ]
        ],
        [
          [
            0.899775,
            0.288731,
            -0.327168
          ],
          [
            -0.403494,
            0.835987,
            -0.371913
          ],
          [
            0.166126,
            0.466648,
            0.868701
          ]
        ],
        [
          [
            0.996472,
            0.066788,
            0.050813
          ],
          [
            -0.077385,
            0.965545,
            0.248464
          ],
          [
            -0.032468,
            -0.251519,
            0.967307
          ]
        ],
        [
          [
            0.998044,
            0.016908,
            -0.060185
          ],
          [
            0.014476,
            0.874053,
            0.485615
          ],
          [
            0.060815,
            -0.485536,
            0.872099
          ]
        ],
        [
          [
            0.999231,
            -0.036014,
            0.015508
          ],
          [
            0.025756,
            0.90105,
            0.43295
          ],
          [
            -0.029566,
            -0.432218,
            0.901284
          ]
        ],
        [
          [
            0.999504,
            0.017651,
            -0.026073
          ],
          [
            -0.020026,
            0.995386,
            -0.093841
          ],
          [
            0.024296,
            0.094317,
            0.995246
          ]
        ],
        [
          [
            0.936778,
            -0.103953,
            -0.334126
          ],
          [
            -0.002535,
            0.952813,
            -0.303547
          ],
          [
            0.349914,
            0.285204,
            0.892311
          ]
        ],
        [
          [
            0.962886,
            -0.004019,
            0.269877
          ],
          [
            -0.034651,
            0.989774,
            0.13837
          ],
          [
            -0.267673,
            -0.142586,
            0.952901
          ]
        ],
        [
          [
            0.99847,
            0.03335,
            0.044103
          ],
          [
            -0.045179,
            0.95192,
            0.302997
          ],
          [
            -0.031878,
            -0.304526,
            0.951971
          ]
        ],
        [
          [
            0.911928,
            0.283543,
            0.296633
          ],
          [
            -0.191355,
            0.933307,
            -0.303844
          ],
          [
            -0.363003,
            0.220321,
            0.905366
          ]
        ],
        [
          [
            0.922615,
            -0.131351,
            -0.362669
          ],
          [
            -0.024602,
            0.918279,
            -0.395168
          ],
          [
            0.384937,
            0.37351,
            0.843987
          ]
        ],
        [
          [
            0.797261,
            0.203565,
            0.568274
          ],
          [
            -0.251812,
            0.967754,
            0.006615
          ],
          [
            -0.548603,
            -0.148372,
            0.822812
          ]
        ],
        [
          [
            0.982944,
            0.108608,
            -0.14841
          ],
          [
            -0.134916,
            0.974261,
            -0.180591
          ],
          [
            0.124976,
            0.197533,
            0.972297
          ]
        ],
        [
          [
            0.99477,
            -0.092565,
            0.043177
          ],
          [
            0.101227,
            0.949837,
            -0.295911
          ],
          [
            -0.01362,
            0.298734,
            0.954239
          ]
        ],
        [
          [
            0.918241,
            0.162207,
            -0.36128
          ],
          [
            -0.22302,
            0.96566,
            -0.133274
          ],
          [
            0.327256,
            0.20295,
            0.922884
          ]
        ],
        [
          [
            0.04474,
            0.998997,
            0.001753
          ],
          [
            -0.873879,
            0.038286,
            0.484634
          ],
          [
            0.484081,
            -0.023215,
            0.874715
          ]
        ],
        [
          [
            0.589969,
            -0.703593,
            0.396098
          ],
          [
            0.633024,
            0.70758,
            0.314024
          ],
          [
            -0.501216,
            0.065475,
            0.862841
          ]
        ],
        [
          [
            -0.117304,
            0.565365,
            0.816457
          ],
          [
            -0.665536,
            0.565445,
            -0.487169
          ],
          [
            -0.73709,
            -0.600528,
            0.309943
          ]
        ],
        [
          [
            -0.432679,
            -0.492221,
            -0.75532
          ],
          [
            0.629399,
            0.434921,
            -0.643972
          ],
          [
            0.645481,
            -0.754031,
            0.121623
          ]
        ],
        [
          [
            0.922457,
            0.366208,
            -0.12233
          ],
          [
            -0.256571,
            0.344649,
            -0.902989
          ],
          [
            -0.288521,
            0.864354,
            0.411882
          ]
        ],
        [
          [
            0.927164,
            -0.345885,
            -0.143984
          ],
          [
            0.071698,
            0.54101,
            -0.837954
          ],
          [
            0.367733,
            0.766597,
            0.526404
          ]
        ],
        [
          [
            1.0,
            0.0,
            0.0
          ],
          [
            0.0,
            1.0,
            0.0
          ],
          [
            0.0,
            0.0,
            1.0
          ]
        ],
        [
          [
            1.0,
            0.0,
            0.0
          ],
          [
            0.0,
            1.0,
            0.0
          ],
          [
            0.0,
            0.0,
            1.0
          ]
        ]
      ]
    },
    {
      "time_sec": 0.1,
      "root_offset": [
        -0.008964,
        -0.001015,
        0.001006
      ],
      "local_rotation_matrices": [
        [
          [
            0.999576,
            -0.028752,
            0.00453
          ],
          [
            0.028853,
            0.999295,
            -0.024026
          ],
          [
            -0.003836,
            0.024147,
            0.999701
          ]
        ],
        [
          [
            0.985802,
            -0.006626,
            0.167783
          ],
          [
            0.028026,
            0.991697,
            -0.125503
          ],
          [
            -0.165559,
            0.128423,
            0.977803
          ]
        ],
        [
          [
            0.908767,
            0.272129,
            -0.316366
          ],
          [
            -0.384309,
            0.841216,
            -0.380345
          ],
          [
            0.16263,
            0.467227,
            0.869051
          ]
        ],
        [
          [
            0.996482,
            0.066021,
            0.051618
          ],
          [
            -0.07679,
            0.965999,
            0.24688
          ],
          [
            -0.033564,
            -0.249975,
            0.96767
          ]
        ],
        [
          [
            0.997984,
            0.012806,
            -0.062167
          ],
          [
            0.019398,
            0.871043,
            0.490824
          ],
          [
            0.060436,
            -0.49104,
            0.869038
          ]
        ],
        [
          [
            0.999305,
            -0.033803,
            0.015724
          ],
          [
            0.024258,
            0.909826,
            0.41428
          ],
          [
            -0.02831,
            -0.413611,
            0.910014
          ]
        ],
        [
          [
            0.999512,
            0.016609,
            -0.026467
          ],
          [
            -0.018998,
            0.995507,
            -0.092761
          ],
          [
            0.024807,
            0.093218,
            0.995337
          ]
        ],
        [
          [
            0.935808,
            -0.123574,
            -0.330142
          ],
          [
            0.014996,
            0.949651,
            -0.312951
          ],
          [
            0.352192,
            0.287911,
            0.890544
          ]
        ],
        [
          [
            0.960794,
            -0.020616,
            0.276497
          ],
          [
            -0.023101,
            0.987812,
            0.153925
          ],
          [
            -0.2763,
            -0.154278,
            0.948608
          ]
        ],
        [
          [
            0.998563,
            0.03361,
            0.041737
          ],
          [
            -0.04467,
            0.95231,
            0.301844
          ],
          [
            -0.029602,
            -0.303275,
            0.952443
          ]
        ],
        [
          [
            0.91077,
            0.281345,
            0.302229
          ],
          [
            -0.187467,
            0.933903,
            -0.304437
          ],
          [
            -0.367904,
            0.220615,
            0.903314
          ]
        ],
        [
          [
            0.926749,
            -0.12302,
            -0.354968
          ],
          [
            -0.027352,
            0.920263,
            -0.390344
          ],
          [
            0.374684,
            0.37146,
            0.849488
          ]
        ],
        [
          [
            0.800467,
            0.189992,
            0.568468
          ],
          [
            -0.243145,
            0.969818,
            0.018247
          ],
          [
            -0.547844,
            -0.152826,
            0.822503
          ]
        ],
        [
          [
            0.984687,
            0.099217,
            -0.143346
          ],
          [
            -0.124549,
            0.975708,
            -0.180228
          ],
          [
            0.121983,
            0.195321,
            0.973124
          ]
        ],
        [
          [
            0.99403,
            -0.103682,
            0.033964
          ],
          [
            0.109098,
            0.94748,
            -0.30063
          ],
          [
            -0.00101,
            0.302541,
            0.953136
          ]
        ],
        [
          [
            0.923182,
            0.150882,
            -0.353509
          ],
          [
            -0.208706,
            0.96911,
            -0.131403
          ],
          [
            0.322763,
            0.195089,
            0.926156
          ]
        ],
        [
          [
            0.04302,
            0.999056,
            -0.005949
          ],
          [
            -0.871684,
            0.040444,
            0.488396
          ],
          [
            0.488176,
            -0.015825,
            0.872602
          ]
        ],
        [
          [
            0.579341,
            -0.713688,
            0.393718
          ],
          [
            0.647219,
            0.696415,
            0.310024
          ],
          [
            -0.495451,
            0.075212,
            0.865373
          ]
        ],
        [
          [
            -0.125422,
            0.564359,
            0.815946
          ],
          [
            -0.663325,
            0.563879,
            -0.491976
          ],
          [
            -0.737746,
            -0.602942,
            0.30363
          ]
        ],
        [
          [
            -0.422906,
            -0.495941,
            -0.758415
          ],
          [
            0.631616,
            0.438809,
            -0.639146
          ],
          [
            0.649778,
            -0.749326,
            0.127669
          ]
        ],
        [
          [
            0.923623,
            0.364606,
            -0.118248
          ],
          [
            -0.251855,
            0.344726,
            -0.904286
          ],
          [
            -0.288945,
            0.865001,
            0.410225
          ]
        ],
        [
          [
            0.926721,
            -0.348107,
            -0.141456
          ],
          [
            0.072176,
            0.534366,
            -0.842166
          ],
          [
            0.368753,
            0.770243,
            0.520333
          ]
        ],
        [
          [
            1.0,
            0.0,
            0.0
          ],
          [
            0.0,
            1.0,
            0.0
          ],
          [
            0.0,
            0.0,
            1.0
          ]
        ],
        [
          [
            1.0,
            0.0,
            0.0
          ],
          [
            0.0,
            1.0,
            0.0
          ],
          [
            0.0,
            0.0,
            1.0
          ]
        ]
      ]
    },
    {
      "time_sec": 0.133333,
      "root_offset": [
        -0.013905,
        -0.000563,
        0.001558
      ],
      "local_rotation_matrices": [
        [
          [
            0.999991,
            0.002799,
            0.003218
          ],
          [
            -0.00273,
            0.999769,
            -0.021315
          ],
          [
            -0.003276,
            0.021306,
            0.999768
          ]
        ],
        [
          [
            0.987091,
            -0.008561,
            0.15993
          ],
          [
            0.029054,
            0.991574,
            -0.126238
          ],
          [
            -0.157501,
            0.129255,
            0.979023
          ]
        ],
        [
          [
            0.917019,
            0.251975,
            -0.309168
          ],
          [
            -0.363805,
            0.84615,
            -0.389455
          ],
          [
            0.16347,
            0.469615,
            0.867606
          ]
        ],
        [
          [
            0.996321,
            0.072782,
            0.045251
          ],
          [
            -0.081826,
            0.964849,
            0.249742
          ],
          [
            -0.025484,
            -0.252526,
            0.967254
          ]
        ],
        [
          [
            0.99785,
            0.009432,
            -0.06485
          ],
          [
            0.024214,
            0.866496,
            0.498596
          ],
          [
            0.060895,
            -0.499095,
            0.864405
          ]
        ],
        [
          [
            0.999384,
            -0.031502,
            0.015446
          ],
          [
            0.022638,
            0.915312,
            0.40211
          ],
          [
            -0.026805,
            -0.401512,
            0.915461
          ]
        ],
        [
          [
            0.999455,
            0.019136,
            -0.026894
          ],
          [
            -0.021522,
            0.995576,
            -0.091458
          ],
          [
            0.025025,
            0.091987,
            0.995446
          ]
        ],
        [
          [
            0.93473,
            -0.146864,
            -0.323591
          ],
          [
            0.035157,
            0.944354,
            -0.327046
          ],
          [
            0.353616,
            0.294323,
            0.887879
          ]
        ],
        [
          [
            0.958934,
            -0.034074,
            0.281575
          ],
          [
            -0.014275,
            0.985701,
            0.167897
          ],
          [
            -0.28327,
            -0.165021,
            0.944736
          ]
        ],
        [
          [
            0.998243,
            0.040248,
            0.043476
          ],
          [
            -0.051455,
            0.952719,
            0.299464
          ],
          [
            -0.029368,
            -0.301175,
            0.953117
          ]
        ],
        [
          [
            0.910957,
            0.279158,
            0.303692
          ],
          [
            -0.184094,
            0.933963,
            -0.306303
          ],
          [
            -0.369144,
            0.223121,
            0.902192
          ]
        ],
        [
          [
            0.928351,
            -0.119216,
            -0.352068
          ],
          [
            -0.030783,
            0.919259,
            -0.392448
          ],
          [
            0.370427,
            0.375167,
            0.849725
          ]
        ],
        [
          [
            0.806459,
            0.171313,
            0.565929
          ],
          [
            -0.229727,
            0.972698,
            0.032919
          ],
          [
            -0.544838,
            -0.156557,
            0.823797
          ]
        ],
        [
          [
            0.987643,
            0.091275,
            -0.127396
          ],
          [
            -0.112989,
            0.978022,
            -0.175232
          ],
          [
            0.108602,
            0.187461,
            0.97625
          ]
        ],
        [
          [
            0.993372,
            -0.110414,
            0.031946
          ],
          [
            0.114909,
            0.947261,
            -0.299153
          ],
          [
            0.00277,
            0.300842,
            0.95367
          ]
        ],
        [
          [
            0.929887,
            0.133568,
            -0.342739
          ],
          [
            -0.186149,
            0.974503,
            -0.12527
          ],
          [
            0.317268,
            0.180287,
            0.931041
          ]
        ],
        [
          [
            0.046131,
            0.998662,
            -0.02337
          ],
          [
            -0.873349,
            0.051677,
            0.484346
          ],
          [
            0.484905,
            -0.001933,
            0.874564
          ]
        ],
        [
          [
            0.548726,
            -0.737282,
            0.394099
          ],
          [
            0.668828,
            0.669985,
            0.322165
          ],
          [
            -0.501567,
            0.086804,
            0.860753
          ]
        ],
        [
          [
            -0.138519,
            0.562034,
            0.815433
          ],
          [
            -0.66292,
            0.559084,
            -0.497958
          ],
          [
            -0.735764,
            -0.609544,
            0.29514
          ]
        ],
        [
          [
            -0.412251,
            -0.497225,
            -0.763424
          ],
          [
            0.637756,
            0.440909,
            -0.631558
          ],
          [
            0.650627,
            -0.747239,
            0.135344
          ]
        ],
        [
          [
            0.925616,
            0.361501,
            -0.112034
          ],
          [
            -0.243507,
            0.342246,
            -0.907509
          ],
          [
            -0.289722,
            0.867286,
            0.404816
          ]
        ],
        [
          [
            0.923687,
            -0.355499,
            -0.142909
          ],
          [
            0.07319,
            0.529829,
            -0.84494
          ],
          [
            0.376092,
            0.770001,
            0.515415
          ]
        ],
        [
          [
            1.0,
            0.0,
            0.0
          ],
          [
            0.0,
            1.0,
            0.0
          ],
          [
            0.0,
            0.0,
            1.0
          ]
        ],
        [
          [
            1.0,
            0.0,
            0.0
          ],
          [
            0.0,
            1.0,
            0.0
          ],
          [
            0.0,
            0.0,
            1.0
          ]
        ]
      ]
    },
    {
      "time_sec": 0.166667,
      "root_offset": [
        -0.018221,
        0.001957,
        -0.000995
      ],
      "local_rotation_matrices": [
        [
          [
            0.999604,
            0.02628,
            0.010063
          ],
          [
            -0.026001,
            0.9993,
            -0.0269
          ],
          [
            -0.010763,
            0.026628,
            0.999587
          ]
        ],
        [
          [
            0.989577,
            -0.007216,
            0.143822
          ],
          [
            0.025041,
            0.99215,
            -0.122517
          ],
          [
            -0.141809,
            0.124841,
            0.98199
          ]
        ],
        [
          [
            0.919241,
            0.233668,
            -0.316852
          ],
          [
            -0.352738,
            0.846268,
            -0.399256
          ],
          [
            0.174849,
            0.478779,
            0.860348
          ]
        ],
        [
          [
            0.995468,
            0.091385,
            0.026292
          ],
          [
            -0.09508,
            0.960975,
            0.259782
          ],
          [
            -0.001526,
            -0.261104,
            0.965309
          ]
        ],
        [
          [
            0.997608,
            0.010062,
            -0.068393
          ],
          [
            0.026537,
            0.85781,
            0.513281
          ],
          [
            0.063833,
            -0.513868,
            0.855491
          ]
        ],
        [
          [
            0.999426,
            -0.030107,
            0.015517
          ],
          [
            0.021019,
            0.910533,
            0.412901
          ],
          [
            -0.02656,
            -0.412338,
            0.910644
          ]
        ],
        [
          [
            0.999174,
            0.028767,
            -0.028693
          ],
          [
            -0.031268,
            0.995368,
            -0.090908
          ],
          [
            0.025945,
            0.09173,
            0.995446
          ]
        ],
        [
          [
            0.935098,
            -0.168899,
            -0.311553
          ],
          [
            0.052529,
            0.935471,
            -0.349477
          ],
          [
            0.350476,
            0.310429,
            0.883629
          ]
        ],
        [
          [
            0.958213,
            -0.040467,
            0.283178
          ],
          [
            -0.007683,
            0.985945,
            0.166892
          ],
          [
            -0.285952,
            -0.162094,
            0.944435
          ]
        ],
        [
          [
            0.996975,
            0.058073,
            0.051652
          ],
          [
            -0.070783,
            0.952911,
            0.294873
          ],
          [
            -0.032096,
            -0.297637,
            0.954139
