{
  "format": "gf5_keyframed_motion",
  "version": 1,
  "name": "HY-Motion: Two person boxing",
  "profile_name": "course_body_24",
  "joint_order": [
    "pelvis",
    "left_hip",
    "right_hip",
    "spine1",
    "left_knee",
    "right_knee",
    "spine2",
    "left_ankle",
    "right_ankle",
    "spine3",
    "left_foot",
    "right_foot",
    "neck",
    "left_collar",
    "right_collar",
    "head",
    "left_shoulder",
    "right_shoulder",
    "left_elbow",
    "right_elbow",
    "left_wrist",
    "right_wrist",
    "left_hand",
    "right_hand"
  ],
  "coordinate_convention": {
    "name": "gf5_viewer_body",
    "up_axis": [
      0.0,
      0.0,
      1.0
    ],
    "forward_axis": [
      0.0,
      1.0,
      0.0
    ],
    "anatomical_right_axis": [
      1.0,
      0.0,
      0.0
    ],
    "native_smpl_to_viewer": "viewer=(-native_x, native_z, native_y)"
  },
  "duration_sec": 4.966667,
  "source_class": "hy_motion_import",
  "source_prompt": "Two person boxing",
  "category": "other",
  "category_label": "Other",
  "root_contract": "scene_path",
  "default_root_mode": "path",
  "exported_at": "2026-05-29T15:33:59",
  "source_asset_name": null,
  "source": {
    "type": "hy_motion_1_0_fbx",
    "fbx_path": "20260529_161459934_094df799_000.fbx",
    "prompt": "Two person boxing",
    "unit_scale_to_meters": 0.01,
    "native_up_axis": "Y",
    "native_front_axis": "Z"
  },
  "keyframes": [
    {
      "time_sec": 0.0,
      "root_offset": [
        0.0,
        0.0,
        0.0
      ],
      "local_rotation_matrices": [
        [
          [
            0.997025,
            -0.037209,
            -0.067498
          ],
          [
            0.026252,
            0.987329,
            -0.156501
          ],
          [
            0.072466,
            0.154263,
            0.985369
          ]
        ],
        [
          [
            0.913788,
            -0.077019,
            0.398823
          ],
          [
            0.034824,
            0.993099,
            0.111992
          ],
          [
            -0.404696,
            -0.088449,
            0.910164
          ]
        ],
        [
          [
            0.936364,
            0.059224,
            -0.346
          ],
          [
            -0.130503,
            0.973749,
            -0.186498
          ],
          [
            0.325872,
            0.219783,
            0.919512
          ]
        ],
        [
          [
            0.994483,
            0.074081,
            -0.074262
          ],
          [
            -0.066852,
            0.99318,
            0.095517
          ],
          [
            0.080831,
            -0.090025,
            0.992654
          ]
        ],
        [
          [
            0.989619,
            -0.142016,
            -0.022036
          ],
          [
            0.137097,
            0.886891,
            0.441168
          ],
          [
            -0.043109,
            -0.439609,
            0.897154
          ]
        ],
        [
          [
            0.98332,
            0.102542,
            0.150223
          ],
          [
            -0.166716,
            0.838342,
            0.519026
          ],
          [
            -0.072717,
            -0.535414,
            0.841454
          ]
        ],
        [
          [
            0.998678,
            -0.049136,
            -0.015113
          ],
          [
            0.051406,
            0.956519,
            0.287103
          ],
          [
            0.000349,
            -0.287501,
            0.95778
          ]
        ],
        [
          [
            0.973849,
            0.09783,
            -0.205055
          ],
          [
            -0.183113,
            0.87224,
            -0.453505
          ],
          [
            0.13449,
            0.479194,
            0.867344
          ]
        ],
        [
          [
            0.994282,
            0.106722,
            -0.003725
          ],
          [
            -0.103603,
            0.9556,
            -0.275854
          ],
          [
            -0.02588,
            0.274663,
            0.961192
          ]
        ],
        [
          [
            0.997076,
            0.009719,
            0.07579
          ],
          [
            -0.002291,
            0.995235,
            -0.097478
          ],
          [
            -0.076377,
            0.097019,
            0.992348
          ]
        ],
        [
          [
            0.931648,
            0.110889,
            0.346028
          ],
          [
            -0.053591,
            0.983814,
            -0.170989
          ],
          [
            -0.359388,
            0.140758,
            0.922512
          ]
        ],
        [
          [
            0.983275,
            -0.168131,
            -0.070019
          ],
          [
            0.166429,
            0.985612,
            -0.029507
          ],
          [
            0.073973,
            0.01736,
            0.997109
          ]
        ],
        [
          [
            0.971368,
            0.139693,
            0.192171
          ],
          [
            -0.211845,
            0.875432,
            0.434443
          ],
          [
            -0.107544,
            -0.462715,
            0.87996
          ]
        ],
        [
          [
            0.910306,
            0.385146,
            -0.151678
          ],
          [
            -0.383421,
            0.922634,
            0.041657
          ],
          [
            0.155987,
            0.020236,
            0.987552
          ]
        ],
        [
          [
            0.978573,
            0.133657,
            0.156621
          ],
          [
            -0.150432,
            0.983487,
            0.100616
          ],
          [
            -0.140586,
            -0.122021,
            0.98252
          ]
        ],
        [
          [
            0.905291,
            0.403912,
            0.131546
          ],
          [
            -0.422543,
            0.888061,
            0.181122
          ],
          [
            -0.043664,
            -0.219552,
            0.974623
          ]
        ],
        [
          [
            0.227101,
            0.64883,
            -0.726253
          ],
          [
            -0.526884,
            0.709032,
            0.468687
          ],
          [
            0.819035,
            0.276212,
            0.50288
          ]
        ],
        [
          [
            0.326202,
            -0.317774,
            0.890288
          ],
          [
            0.258238,
            0.935937,
            0.239449
          ],
          [
            -0.909343,
            0.151797,
            0.387366
          ]
        ],
        [
          [
            -0.189605,
            0.980122,
            0.058407
          ],
          [
            -0.978602,
            -0.183799,
            -0.092499
          ],
          [
            -0.079925,
            -0.074695,
            0.993998
          ]
        ],
        [
          [
            -0.365675,
            -0.861861,
            -0.351394
          ],
          [
            0.818732,
            -0.118298,
            -0.561858
          ],
          [
            0.442674,
            -0.493155,
            0.748891
          ]
        ],
        [
          [
            0.837872,
            0.231437,
            -0.494376
          ],
          [
            -0.499949,
            0.688939,
            -0.524799
          ],
          [
            0.219137,
            0.686877,
            0.69295
          ]
        ],
        [
          [
            0.882449,
            -0.220732,
            0.415405
          ],
          [
            0.287443,
            0.952055,
            -0.104729
          ],
          [
            -0.372371,
            0.211823,
            0.903588
          ]
        ],
        [
          [
            1.0,
            0.0,
            0.0
          ],
          [
            0.0,
            1.0,
            0.0
          ],
          [
            0.0,
            0.0,
            1.0
          ]
        ],
        [
          [
            1.0,
            0.0,
            0.0
          ],
          [
            0.0,
            1.0,
            0.0
          ],
          [
            0.0,
            0.0,
            1.0
          ]
        ]
      ]
    },
    {
      "time_sec": 0.033333,
      "root_offset": [
        0.020489,
        -0.000622,
        -0.00069
      ],
      "local_rotation_matrices": [
        [
          [
            0.99666,
            -0.052486,
            -0.06256
          ],
          [
            0.042518,
            0.987589,
            -0.151193
          ],
          [
            0.069719,
            0.148028,
            0.986523
          ]
        ],
        [
          [
            0.9079,
            -0.070063,
            0.413291
          ],
          [
            0.029961,
            0.994258,
            0.102733
          ],
          [
            -0.418115,
            -0.080888,
            0.904785
          ]
        ],
        [
          [
            0.934878,
            0.06755,
            -0.348482
          ],
          [
            -0.140209,
            0.972169,
            -0.187695
          ],
          [
            0.326105,
            0.224332,
            0.91833
          ]
        ],
        [
          [
            0.995467,
            0.07032,
            -0.064037
          ],
          [
            -0.063988,
            0.993317,
            0.096057
          ],
          [
            0.070364,
            -0.091524,
            0.993314
          ]
        ],
        [
          [
            0.990823,
            -0.133,
            -0.0241
          ],
          [
            0.130321,
            0.892691,
            0.431416
          ],
          [
            -0.035864,
            -0.430598,
            0.901831
          ]
        ],
        [
          [
            0.9815,
            0.099461,
            0.163602
          ],
          [
            -0.172205,
            0.832071,
            0.52726
          ],
          [
            -0.083686,
            -0.545678,
            0.833806
          ]
        ],
        [
          [
            0.998185,
            -0.055044,
            -0.024416
          ],
          [
            0.059725,
            0.956673,
            0.284974
          ],
          [
            0.007672,
            -0.285915,
            0.958224
          ]
        ],
        [
          [
            0.970324,
            0.101809,
            -0.219332
          ],
          [
            -0.190533,
            0.880409,
            -0.434254
          ],
          [
            0.148891,
            0.463157,
            0.87368
          ]
        ],
        [
          [
            0.994777,
            0.101378,
            -0.011902
          ],
          [
            -0.100369,
            0.95025,
            -0.294876
          ],
          [
            -0.018584,
            0.29453,
            0.955462
          ]
        ],
        [
          [
            0.997752,
            0.003473,
            0.066928
          ],
          [
            0.003249,
            0.994975,
            -0.100072
          ],
          [
            -0.06694,
            0.100064,
            0.992727
          ]
        ],
        [
          [
            0.932377,
            0.109501,
            0.344503
          ],
          [
            -0.053476,
            0.984312,
            -0.168137
          ],
          [
            -0.357509,
            0.138345,
            0.923606
          ]
        ],
        [
          [
            0.983151,
            -0.169002,
            -0.069662
          ],
          [
            0.167197,
            0.985435,
            -0.031017
          ],
          [
            0.073889,
            0.018847,
            0.997088
          ]
        ],
        [
          [
            0.965581,
            0.1617,
            0.203731
          ],
          [
            -0.236608,
            0.871371,
            0.4298
          ],
          [
            -0.108027,
            -0.463212,
            0.879639
          ]
        ],
        [
          [
            0.908681,
            0.387682,
            -0.154924
          ],
          [
            -0.386866,
            0.921408,
            0.036638
          ],
          [
            0.156952,
            0.026643,
            0.987247
          ]
        ],
        [
          [
            0.983583,
            0.119937,
            0.134829
          ],
          [
            -0.133274,
            0.986549,
            0.094655
          ],
          [
            -0.121663,
            -0.11107,
            0.986337
          ]
        ],
        [
          [
            0.906293,
            0.398974,
            0.139476
          ],
          [
            -0.419308,
            0.89018,
            0.178218
          ],
          [
            -0.053054,
            -0.220001,
            0.974056
          ]
        ],
        [
          [
            0.227018,
            0.647594,
            -0.727383
          ],
          [
            -0.518483,
            0.712606,
            0.472618
          ],
          [
            0.824402,
            0.269843,
            0.497541
          ]
        ],
        [
          [
            0.361565,
            -0.311359,
            0.878821
          ],
          [
            0.293784,
            0.93262,
            0.20955
          ],
          [
            -0.884851,
            0.182418,
            0.428675
          ]
        ],
        [
          [
            -0.18777,
            0.980471,
            0.058476
          ],
          [
            -0.978658,
            -0.181697,
            -0.095994
          ],
          [
            -0.083495,
            -0.075253,
            0.993663
          ]
        ],
        [
          [
            -0.337595,
            -0.876362,
            -0.343538
          ],
          [
            0.808649,
            -0.083216,
            -0.582377
          ],
          [
            0.481785,
            -0.474409,
            0.736763
          ]
        ],
        [
          [
            0.836813,
            0.230348,
            -0.496672
          ],
          [
            -0.502461,
            0.683401,
            -0.529618
          ],
          [
            0.21743,
            0.69275,
            0.68762
          ]
        ],
        [
          [
            0.884769,
            -0.222085,
            0.40971
          ],
          [
            0.290764,
            0.950111,
            -0.112894
          ],
          [
            -0.364198,
            0.219014,
            0.905203
          ]
        ],
        [
          [
            1.0,
            0.0,
            0.0
          ],
          [
            0.0,
            1.0,
            0.0
          ],
          [
            0.0,
            0.0,
            1.0
          ]
        ],
        [
          [
            1.0,
            0.0,
            0.0
          ],
          [
            0.0,
            1.0,
            0.0
          ],
          [
            0.0,
            0.0,
            1.0
          ]
        ]
      ]
    },
    {
      "time_sec": 0.066667,
      "root_offset": [
        0.038461,
        0.00078,
        0.000473
      ],
      "local_rotation_matrices": [
        [
          [
            0.995965,
            -0.071879,
            -0.05373
          ],
          [
            0.063519,
            0.987575,
            -0.143738
          ],
          [
            0.063395,
            0.139746,
            0.988156
          ]
        ],
        [
          [
            0.900837,
            -0.058891,
            0.430145
          ],
          [
            0.024031,
            0.996002,
            0.086036
          ],
          [
            -0.433492,
            -0.067168,
            0.898651
          ]
        ],
        [
          [
            0.931719,
            0.078486,
            -0.354597
          ],
          [
            -0.154442,
            0.969314,
            -0.191256
          ],
          [
            0.328705,
            0.232961,
            0.91525
          ]
        ],
        [
          [
            0.996978,
            0.064727,
            -0.042962
          ],
          [
            -0.060227,
            0.993278,
            0.098848
          ],
          [
            0.049071,
            -0.095962,
            0.994175
          ]
        ],
        [
          [
            0.991693,
            -0.124482,
            -0.032393
          ],
          [
            0.126385,
            0.896174,
            0.425323
          ],
          [
            -0.023916,
            -0.425884,
            0.904462
          ]
        ],
        [
          [
            0.978818,
            0.095284,
            0.181205
          ],
          [
            -0.179683,
            0.824039,
            0.537284
          ],
          [
            -0.098126,
            -0.558463,
            0.823705
          ]
        ],
        [
          [
            0.997111,
            -0.063179,
            -0.04216
          ],
          [
            0.072501,
            0.957156,
            0.280351
          ],
          [
            0.022641,
            -0.282598,
            0.958971
          ]
        ],
        [
          [
            0.964026,
            0.1099,
            -0.242024
          ],
          [
            -0.203124,
            0.891881,
            -0.404089
          ],
          [
            0.171447,
            0.438714,
            0.88212
          ]
        ],
        [
          [
            0.995238,
            0.094793,
            -0.022687
          ],
          [
            -0.097106,
            0.944171,
            -0.314818
          ],
          [
            -0.008423,
            0.315522,
            0.948881
          ]
        ],
        [
          [
            0.998803,
            -0.00763,
            0.048306
          ],
          [
            0.012586,
            0.994587,
            -0.103145
          ],
          [
            -0.047257,
            0.10363,
            0.993493
          ]
        ],
        [
          [
            0.934126,
            0.105782,
            0.34091
          ],
          [
            -0.051924,
            0.985189,
            -0.16342
          ],
          [
            -0.353147,
            0.134954,
            0.925783
          ]
        ],
        [
          [
            0.983014,
            -0.169716,
            -0.069856
          ],
          [
            0.167775,
            0.985279,
            -0.032806
          ],
          [
            0.074395,
            0.020529,
            0.997018
          ]
        ],
        [
          [
            0.954004,
            0.200389,
            0.222983
          ],
          [
            -0.279923,
            0.861694,
            0.423233
          ],
          [
            -0.107332,
            -0.466184,
            0.878153
          ]
        ],
        [
          [
            0.904439,
            0.394742,
            -0.161768
          ],
          [
            -0.395929,
            0.917907,
            0.026227
          ],
          [
            0.158841,
            0.040328,
            0.98648
          ]
        ],
        [
          [
            0.991337,
            0.094725,
            0.090986
          ],
          [
            -0.102534,
            0.99106,
            0.085361
          ],
          [
            -0.082086,
            -0.09395,
            0.992187
          ]
        ],
        [
          [
            0.91014,
            0.385919,
            0.150703
          ],
          [
            -0.408813,
            0.895571,
            0.175568
          ],
          [
            -0.06721,
            -0.221401,
            0.972864
          ]
        ],
        [
          [
            0.229652,
            0.645852,
            -0.728104
          ],
          [
            -0.504713,
            0.718677,
            0.478297
          ],
          [
            0.832181,
            0.257642,
            0.491016
          ]
        ],
        [
          [
            0.42305,
            -0.299341,
            0.855233
          ],
          [
            0.342126,
            0.926759,
            0.15514
          ],
          [
            -0.839034,
            0.226965,
            0.494478
          ]
        ],
        [
          [
            -0.186011,
            0.980818,
            0.05827
          ],
          [
            -0.978234,
            -0.179317,
            -0.104423
          ],
          [
            -0.091972,
            -0.076425,
            0.992824
          ]
        ],
        [
          [
            -0.271668,
            -0.89921,
            -0.342955
          ],
          [
            0.796716,
            -0.010237,
            -0.604268
          ],
          [
            0.539852,
            -0.437398,
            0.719196
          ]
        ],
        [
          [
            0.83493,
            0.228732,
            -0.500573
          ],
          [
            -0.505305,
            0.679007,
            -0.532556
          ],
          [
            0.21808,
            0.697589,
            0.682503
          ]
        ],
        [
          [
            0.887547,
            -0.224906,
            0.402091
          ],
          [
            0.29199,
            0.949684,
            -0.113322
          ],
          [
            -0.356373,
            0.217985,
            0.90856
          ]
        ],
        [
          [
            1.0,
            0.0,
            0.0
          ],
          [
            0.0,
            1.0,
            0.0
          ],
          [
            0.0,
            0.0,
            1.0
          ]
        ],
        [
          [
            1.0,
            0.0,
            0.0
          ],
          [
            0.0,
            1.0,
            0.0
          ],
          [
            0.0,
            0.0,
            1.0
          ]
        ]
      ]
    },
    {
      "time_sec": 0.1,
      "root_offset": [
        0.053062,
        0.000197,
        0.002861
      ],
      "local_rotation_matrices": [
        [
          [
            0.99511,
            -0.090656,
            -0.039203
          ],
          [
            0.084514,
            0.986953,
            -0.137045
          ],
          [
            0.051115,
            0.133062,
            0.989789
          ]
        ],
        [
          [
            0.897642,
            -0.042433,
            0.438677
          ],
          [
            0.017616,
            0.998013,
            0.06049
          ],
          [
            -0.440372,
            -0.04657,
            0.896607
          ]
        ],
        [
          [
            0.926338,
            0.088688,
            -0.366104
          ],
          [
            -0.170299,
            0.965497,
            -0.197011
          ],
          [
            0.336,
            0.244846,
            0.909481
          ]
        ],
        [
          [
            0.998277,
            0.058219,
            -0.007287
          ],
          [
            -0.057093,
            0.992506,
            0.108035
          ],
          [
            0.013522,
            -0.107433,
            0.99412
          ]
        ],
        [
          [
            0.991924,
            -0.118151,
            -0.046127
          ],
          [
            0.126414,
            0.891287,
            0.435462
          ],
          [
            -0.010338,
            -0.437776,
            0.899025
          ]
        ],
        [
          [
            0.976058,
            0.09118,
            0.197476
          ],
          [
            -0.186971,
            0.815624,
            0.547539
          ],
          [
            -0.111141,
            -0.571352,
            0.813145
          ]
        ],
        [
          [
            0.995027,
            -0.070259,
            -0.070607
          ],
          [
            0.087008,
            0.958153,
            0.272714
          ],
          [
            0.048492,
            -0.277501,
            0.959501
          ]
        ],
        [
          [
            0.956288,
            0.121419,
            -0.266026
          ],
          [
            -0.217451,
            0.903512,
            -0.369299
          ],
          [
            0.195518,
            0.411004,
            0.89042
          ]
        ],
        [
          [
            0.994974,
            0.093563,
            -0.03567
          ],
          [
            -0.100085,
            0.94023,
            -0.325501
          ],
          [
            0.003083,
            0.327435,
            0.944868
          ]
        ],
        [
          [
            0.999607,
            -0.022236,
            0.017089
          ],
          [
            0.023919,
            0.994126,
            -0.105557
          ],
          [
            -0.014642,
            0.105925,
            0.994266
          ]
        ],
        [
          [
            0.937843,
            0.098648,
            0.332743
          ],
          [
            -0.048182,
            0.986477,
            -0.156657
          ],
          [
            -0.343698,
            0.130888,
            0.929914
          ]
        ],
        [
          [
            0.982687,
            -0.170478,
            -0.072557
          ],
          [
            0.168351,
            0.985122,
            -0.03453
          ],
          [
            0.077364,
            0.021717,
            0.996766
          ]
        ],
        [
          [
            0.934543,
            0.254094,
            0.249131
          ],
          [
            -0.340194,
            0.843327,
            0.416013
          ],
          [
            -0.104392,
            -0.473535,
            0.874567
          ]
        ],
        [
          [
            0.896043,
            0.408732,
            -0.173333
          ],
          [
            -0.413489,
            0.910461,
            0.009404
          ],
          [
            0.161657,
            0.063244,
            0.984818
          ]
        ],
        [
          [
            0.998399,
            0.053359,
            0.018791
          ],
          [
            -0.054658,
            0.995513,
            0.077245
          ],
          [
            -0.014585,
            -0.078149,
            0.996835
          ]
        ],
        [
          [
            0.918404,
            0.361461,
            0.160873
          ],
          [
            -0.38684,
            0.905687,
            0.173455
          ],
          [
            -0.083003,
            -0.221534,
            0.971614
          ]
        ],
        [
          [
            0.238863,
            0.643913,
            -0.726857
          ],
          [
            -0.485711,
            0.727385,
            0.484764
          ],
          [
            0.84085,
            0.23725,
            0.486501
          ]
        ],
        [
          [
            0.509882,
            -0.279462,
            0.813585
          ],
          [
            0.382487,
            0.920782,
            0.076576
          ],
          [
            -0.770535,
            0.272141,
            0.576381
          ]
        ],
        [
          [
            -0.185451,
            0.980927,
            0.058232
          ],
          [
            -0.976607,
            -0.177422,
            -0.121495
          ],
          [
            -0.108846,
            -0.079401,
            0.990882
          ]
        ],
        [
          [
            -0.145911,
            -0.920025,
            -0.363682
          ],
          [
            0.787997,
            0.114181,
            -0.604998
          ],
          [
            0.598139,
            -0.374857,
            0.708317
          ]
        ],
        [
          [
            0.833178,
            0.22702,
            -0.504258
          ],
          [
            -0.506701,
            0.678653,
            -0.531681
          ],
          [
            0.221514,
            0.698493,
            0.68047
          ]
        ],
        [
          [
            0.888656,
            -0.228664,
            0.397496
          ],
          [
            0.291561,
            0.950786,
            -0.104873
          ],
          [
            -0.353953,
            0.20909,
            0.911591
          ]
        ],
        [
          [
            1.0,
            0.0,
            0.0
          ],
          [
            0.0,
            1.0,
            0.0
          ],
          [
            0.0,
            0.0,
            1.0
          ]
        ],
        [
          [
            1.0,
            0.0,
            0.0
          ],
          [
            0.0,
            1.0,
            0.0
          ],
          [
            0.0,
            0.0,
            1.0
          ]
        ]
      ]
    },
    {
      "time_sec": 0.133333,
      "root_offset": [
        0.064047,
        -0.004043,
        0.005288
      ],
      "local_rotation_matrices": [
        [
          [
            0.99419,
            -0.106246,
            -0.01724
          ],
          [
            0.102957,
            0.985407,
            -0.135547
          ],
          [
            0.03139,
            0.132984,
            0.990621
          ]
        ],
        [
          [
            0.903252,
            -0.020817,
            0.428606
          ],
          [
            0.009333,
            0.999539,
            0.028877
          ],
          [
            -0.42901,
            -0.022083,
            0.90303
          ]
        ],
        [
          [
            0.918885,
            0.094334,
            -0.383081
          ],
          [
            -0.183432,
            0.961813,
            -0.203145
          ],
          [
            0.349289,
            0.256936,
            0.9011
          ]
        ],
        [
          [
            0.997806,
            0.051431,
            0.041693
          ],
          [
            -0.056459,
            0.989891,
            0.130112
          ],
          [
            -0.03458,
            -0.132181,
            0.990622
          ]
        ],
        [
          [
            0.992244,
            -0.109156,
            -0.059473
          ],
          [
            0.124302,
            0.87542,
            0.467106
          ],
          [
            0.001076,
            -0.470876,
            0.882199
          ]
        ],
        [
          [
            0.974336,
            0.086287,
            0.207903
          ],
          [
            -0.190782,
            0.806725,
            0.559283
          ],
          [
            -0.119461,
            -0.584594,
            0.802483
          ]
        ],
        [
          [
            0.991191,
            -0.074836,
            -0.109271
          ],
          [
            0.101163,
            0.960307,
            0.259954
          ],
          [
            0.08548,
            -0.268719,
            0.959418
          ]
        ],
        [
          [
            0.952076,
            0.130198,
            -0.276768
          ],
          [
            -0.224321,
            0.912359,
            -0.342464
          ],
          [
            0.207923,
            0.388137,
            0.897841
          ]
        ],
        [
          [
            0.992997,
            0.104998,
            -0.054162
          ],
          [
            -0.11692,
            0.93918,
            -0.322909
          ],
          [
            0.016963,
            0.326981,
            0.944879
          ]
        ],
        [
          [
            0.999078,
            -0.036522,
            -0.022583
          ],
          [
            0.033931,
            0.993779,
            -0.106074
          ],
          [
            0.026317,
            0.10521,
            0.994102
          ]
        ],
        [
          [
            0.944687,
            0.087563,
            0.316068
          ],
          [
            -0.042015,
            0.988071,
            -0.148159
          ],
          [
            -0.325271,
            0.126684,
            0.937097
          ]
        ],
        [
          [
            0.982061,
            -0.170911,
            -0.079658
          ],
          [
            0.168635,
            0.985074,
            -0.034524
          ],
          [
            0.084369,
            0.020472,
            0.996224
          ]
        ],
        [
          [
            0.906762,
            0.314885,
            0.280411
          ],
          [
            -0.409719,
            0.815067,
            0.409629
          ],
          [
            -0.099568,
            -0.486326,
            0.868086
          ]
        ],
        [
          [
            0.883044,
            0.42908,
            -0.190062
          ],
          [
            -0.439412,
            0.898179,
            -0.013835
          ],
          [
            0.164773,
            0.095732,
            0.981675
          ]
        ],
        [
          [
            0.996683,
            -0.009094,
            -0.080871
          ],
          [
            0.015338,
            0.996919,
            0.076922
          ],
          [
            0.079922,
            -0.077908,
            0.993752
          ]
        ],
        [
          [
            0.930927,
            0.326964,
            0.162697
          ],
          [
            -0.352739,
            0.920402,
            0.168631
          ],
          [
            -0.09461,
            -0.214372,
            0.972159
          ]
        ],
        [
          [
            0.254715,
            0.640884,
            -0.724146
          ],
          [
            -0.460451,
            0.738886,
            0.491968
          ],
          [
            0.850356,
            0.208122,
            0.483302
          ]
        ],
        [
          [
            0.620744,
            -0.253276,
            0.741976
          ],
          [
            0.394172,
            0.918896,
            -0.0161
          ],
          [
            -0.677721,
            0.30246,
            0.670233
          ]
        ],
        [
          [
            -0.187354,
            0.980466,
            0.059871
          ],
          [
            -0.972741,
            -0.176708,
            -0.150166
          ],
          [
            -0.136653,
            -0.086373,
            0.986846
          ]
        ],
        [
          [
            0.059563,
            -0.910978,
            -0.408131
          ],
          [
            0.779707,
            0.297754,
            -0.550818
          ],
          [
            0.623306,
            -0.285414,
            0.728031
          ]
        ],
        [
          [
            0.834433,
            0.226506,
            -0.502411
          ],
          [
            -0.505102,
            0.678968,
            -0.532798
          ],
          [
            0.220439,
            0.698353,
            0.680962
          ]
        ],
        [
          [
            0.88538,
            -0.233466,
            0.401989
          ],
          [
            0.297888,
            0.948802,
            -0.105055
          ],
          [
            -0.356881,
            0.212761,
            0.909598
          ]
        ],
        [
          [
            1.0,
            0.0,
            0.0
          ],
          [
            0.0,
            1.0,
            0.0
          ],
          [
            0.0,
            0.0,
            1.0
          ]
        ],
        [
          [
            1.0,
            0.0,
            0.0
          ],
          [
            0.0,
            1.0,
            0.0
          ],
          [
            0.0,
            0.0,
            1.0
          ]
        ]
      ]
    },
    {
      "time_sec": 0.166667,
      "root_offset": [
        0.071605,
        -0.011815,
        0.006428
      ],
      "local_rotation_matrices": [
        [
          [
            0.993398,
            -0.114239,
            0.010494
          ],
          [
            0.114566,
            0.983163,
            -0.142352
          ],
          [
            0.005945,
            0.142615,
            0.98976
          ]
        ],
        [
          [
            0.917495,
            -0.001111,
            0.397745
          ],
          [
            -0.000237,
            0.999994,
            0.00334
          ],
          [
            -0.397746,
            -0.003159,
            0.91749
          ]
        ],
        [
          [
            0.910375,
            0.091794,
            -0.403473
          ],
          [
            -0.189701,
            0.959162,
            -0.209814
          ],
          [
            0.367736,
            0.267549,
            0.890611
          ]
        ],
        [
          [
            0.994382,
            0.043947,
            0.096298
          ],
          [
            -0.059524,
            0.98443,
            0.165394
          ],
          [
            -0.08753,
            -0.170197,
            0.981515
          ]
        ],
        [
          [
            0.99294,
            -0.096116,
            -0.069508
          ],
          [
            0.118166,
            0.852511,
            0.509177
          ],
          [
            0.010316,
            -0.513796,
            0.857851
          ]
        ],
        [
          [
            0.974902,
            0.074494,
            0.2098
          ],
          [
            -0.184558,
            0.797459,
            0.574454
          ],
          [
            -0.124514,
            -0.598756,
            0.791193
          ]
        ],
        [
          [
            0.984881,
            -0.080194,
            -0.153555
          ],
          [
            0.115864,
            0.963899,
            0.239738
          ],
          [
            0.128786,
            -0.253904,
            0.958617
          ]
        ],
        [
          [
            0.955917,
            0.124675,
            -0.265855
          ],
          [
            -0.213341,
            0.916992,
            -0.337063
          ],
          [
            0.201764,
            0.378922,
            0.903166
          ]
        ],
        [
          [
            0.988477,
            0.129306,
            -0.078701
          ],
          [
            -0.147551,
            0.93915,
            -0.310203
          ],
          [
            0.033801,
            0.318241,
            0.947407
          ]
        ],
        [
          [
            0.997082,
            -0.047458,
            -0.05979
          ],
          [
            0.041345,
            0.994165,
            -0.099628
          ],
          [
            0.064169,
            0.096866,
            0.993227
          ]
        ],
        [
          [
            0.954096,
            0.074714,
            0.290033
