{
  "format": "gf5_keyframed_motion",
  "version": 1,
  "name": "HY-Motion: The individual performs a powerful forward straight punch with their right arm. After impact, he quickly retracts the punching arm back and perform defensive state in boxing match",
  "profile_name": "course_body_24",
  "joint_order": [
    "pelvis",
    "left_hip",
    "right_hip",
    "spine1",
    "left_knee",
    "right_knee",
    "spine2",
    "left_ankle",
    "right_ankle",
    "spine3",
    "left_foot",
    "right_foot",
    "neck",
    "left_collar",
    "right_collar",
    "head",
    "left_shoulder",
    "right_shoulder",
    "left_elbow",
    "right_elbow",
    "left_wrist",
    "right_wrist",
    "left_hand",
    "right_hand"
  ],
  "coordinate_convention": {
    "name": "gf5_viewer_body",
    "up_axis": [
      0.0,
      0.0,
      1.0
    ],
    "forward_axis": [
      0.0,
      1.0,
      0.0
    ],
    "anatomical_right_axis": [
      1.0,
      0.0,
      0.0
    ],
    "native_smpl_to_viewer": "viewer=(-native_x, native_z, native_y)"
  },
  "duration_sec": 1.966667,
  "source_class": "hy_motion_import",
  "source_prompt": "The individual performs a powerful forward straight punch with their right arm. After impact, he quickly retracts the punching arm back and perform defensive state in boxing match",
  "category": "other",
  "category_label": "Other",
  "root_contract": "scene_path",
  "default_root_mode": "path",
  "exported_at": "2026-06-04T11:39:22",
  "source_asset_name": null,
  "source": {
    "type": "hy_motion_1_0_fbx",
    "fbx_path": "20260603_183111077_caf54ea3_000.fbx",
    "prompt": "The individual performs a powerful forward straight punch with their right arm. After impact, he quickly retracts the punching arm back and perform defensive state in boxing match",
    "unit_scale_to_meters": 0.01,
    "native_up_axis": "Y",
    "native_front_axis": "Z"
  },
  "keyframes": [
    {
      "time_sec": 0.0,
      "root_offset": [
        0.0,
        0.0,
        0.0
      ],
      "local_rotation_matrices": [
        [
          [
            0.99632,
            -0.009994,
            0.085123
          ],
          [
            0.017842,
            0.995605,
            -0.091938
          ],
          [
            -0.08383,
            0.093119,
            0.99212
          ]
        ],
        [
          [
            0.931048,
            -0.137547,
            0.337979
          ],
          [
            0.240056,
            0.928457,
            -0.283442
          ],
          [
            -0.274813,
            0.345033,
            0.897458
          ]
        ],
        [
          [
            0.902587,
            -0.094257,
            -0.420062
          ],
          [
            -0.217556,
            0.742115,
            -0.633983
          ],
          [
            0.371492,
            0.663612,
            0.649317
          ]
        ],
        [
          [
            0.999836,
            0.011349,
            -0.014096
          ],
          [
            -0.006688,
            0.955495,
            0.294931
          ],
          [
            0.016816,
            -0.294788,
            0.955415
          ]
        ],
        [
          [
            0.999959,
            0.008584,
            0.002983
          ],
          [
            -0.007578,
            0.606535,
            0.795021
          ],
          [
            0.005015,
            -0.795011,
            0.606575
          ]
        ],
        [
          [
            0.999277,
            0.036864,
            -0.009346
          ],
          [
            -0.013591,
            0.575676,
            0.817565
          ],
          [
            0.035519,
            -0.816846,
            0.575761
          ]
        ],
        [
          [
            0.983671,
            0.175453,
            0.040102
          ],
          [
            -0.166668,
            0.97212,
            -0.164938
          ],
          [
            -0.067923,
            0.155561,
            0.985488
          ]
        ],
        [
          [
            0.896273,
            0.16646,
            -0.411079
          ],
          [
            -0.278023,
            0.933037,
            -0.228353
          ],
          [
            0.34554,
            0.318956,
            0.882536
          ]
        ],
        [
          [
            0.860019,
            -0.308972,
            0.406083
          ],
          [
            0.368365,
            0.926643,
            -0.075093
          ],
          [
            -0.353092,
            0.214169,
            0.910746
          ]
        ],
        [
          [
            0.999482,
            0.007204,
            -0.031363
          ],
          [
            0.000432,
            0.971525,
            0.236938
          ],
          [
            0.032177,
            -0.236829,
            0.971018
          ]
        ],
        [
          [
            0.887052,
            0.341919,
            0.31021
          ],
          [
            -0.223815,
            0.906181,
            -0.358807
          ],
          [
            -0.403789,
            0.24885,
            0.880357
          ]
        ],
        [
          [
            0.915027,
            -0.173855,
            -0.364007
          ],
          [
            0.009732,
            0.911612,
            -0.410936
          ],
          [
            0.403276,
            0.372474,
            0.835842
          ]
        ],
        [
          [
            0.997311,
            0.044548,
            0.0582
          ],
          [
            -0.064717,
            0.907979,
            0.413988
          ],
          [
            -0.034402,
            -0.416641,
            0.90842
          ]
        ],
        [
          [
            0.918239,
            -0.060374,
            0.391397
          ],
          [
            0.208894,
            0.913479,
            -0.34917
          ],
          [
            -0.336452,
            0.402382,
            0.851404
          ]
        ],
        [
          [
            0.930712,
            -0.120911,
            -0.345189
          ],
          [
            -0.041112,
            0.903213,
            -0.42722
          ],
          [
            0.363435,
            0.41181,
            0.83566
          ]
        ],
        [
          [
            0.99342,
            -0.114407,
            0.005177
          ],
          [
            0.114487,
            0.990923,
            -0.070456
          ],
          [
            0.002931,
            0.070585,
            0.997501
          ]
        ],
        [
          [
            0.502987,
            0.434983,
            -0.746856
          ],
          [
            -0.087844,
            0.885377,
            0.456499
          ],
          [
            0.859818,
            -0.164006,
            0.483544
          ]
        ],
        [
          [
            0.630326,
            -0.036616,
            0.775466
          ],
          [
            0.496786,
            0.786615,
            -0.366662
          ],
          [
            -0.596568,
            0.616358,
            0.514014
          ]
        ],
        [
          [
            0.480733,
            0.876808,
            0.010145
          ],
          [
            -0.871548,
            0.479057,
            -0.104441
          ],
          [
            -0.096435,
            0.041367,
            0.994479
          ]
        ],
        [
          [
            -0.147011,
            -0.988927,
            -0.020258
          ],
          [
            0.983784,
            -0.144057,
            -0.106851
          ],
          [
            0.10275,
            -0.035638,
            0.994069
          ]
        ],
        [
          [
            0.998434,
            0.051051,
            -0.022867
          ],
          [
            -0.050026,
            0.997806,
            0.043358
          ],
          [
            0.025031,
            -0.042146,
            0.998798
          ]
        ],
        [
          [
            0.999362,
            -0.034469,
            0.009322
          ],
          [
            0.034326,
            0.999297,
            0.015053
          ],
          [
            -0.009834,
            -0.014723,
            0.999843
          ]
        ],
        [
          [
            1.0,
            0.0,
            0.0
          ],
          [
            0.0,
            1.0,
            0.0
          ],
          [
            0.0,
            0.0,
            1.0
          ]
        ],
        [
          [
            1.0,
            0.0,
            0.0
          ],
          [
            0.0,
            1.0,
            0.0
          ],
          [
            0.0,
            0.0,
            1.0
          ]
        ]
      ]
    },
    {
      "time_sec": 0.033333,
      "root_offset": [
        0.017392,
        -0.002107,
        -0.063129
      ],
      "local_rotation_matrices": [
        [
          [
            0.985126,
            0.144579,
            0.092864
          ],
          [
            -0.140413,
            0.988832,
            -0.049963
          ],
          [
            -0.09905,
            0.03618,
            0.994424
          ]
        ],
        [
          [
            0.912241,
            -0.159607,
            0.377281
          ],
          [
            0.296232,
            0.893148,
            -0.338428
          ],
          [
            -0.282952,
            0.420491,
            0.862047
          ]
        ],
        [
          [
            0.907367,
            -0.217499,
            -0.359693
          ],
          [
            -0.172516,
            0.587634,
            -0.790522
          ],
          [
            0.383305,
            0.779346,
            0.495678
          ]
        ],
        [
          [
            0.999585,
            0.002979,
            -0.028658
          ],
          [
            0.005758,
            0.953915,
            0.300021
          ],
          [
            0.028231,
            -0.300062,
            0.953502
          ]
        ],
        [
          [
            0.999966,
            0.001539,
            -0.008072
          ],
          [
            0.006535,
            0.446692,
            0.894664
          ],
          [
            0.004982,
            -0.894687,
            0.446667
          ]
        ],
        [
          [
            0.999388,
            0.034931,
            -0.001892
          ],
          [
            -0.015648,
            0.494763,
            0.868887
          ],
          [
            0.031287,
            -0.868326,
            0.495006
          ]
        ],
        [
          [
            0.972068,
            0.233374,
            0.024923
          ],
          [
            -0.226563,
            0.960776,
            -0.159933
          ],
          [
            -0.061269,
            0.14982,
            0.986813
          ]
        ],
        [
          [
            0.899644,
            0.151807,
            -0.409383
          ],
          [
            -0.277735,
            0.922436,
            -0.268283
          ],
          [
            0.336902,
            0.355059,
            0.872026
          ]
        ],
        [
          [
            0.844282,
            -0.331049,
            0.421419
          ],
          [
            0.385465,
            0.921452,
            -0.048398
          ],
          [
            -0.372296,
            0.203304,
            0.905574
          ]
        ],
        [
          [
            0.999202,
            0.005754,
            -0.039526
          ],
          [
            0.004047,
            0.969888,
            0.243517
          ],
          [
            0.039737,
            -0.243483,
            0.969091
          ]
        ],
        [
          [
            0.88622,
            0.36055,
            0.290892
          ],
          [
            -0.243055,
            0.896424,
            -0.370605
          ],
          [
            -0.394384,
            0.257735,
            0.882062
          ]
        ],
        [
          [
            0.922062,
            -0.19318,
            -0.335386
          ],
          [
            0.041273,
            0.910669,
            -0.41107
          ],
          [
            0.384836,
            0.365189,
            0.847666
          ]
        ],
        [
          [
            0.997686,
            0.032793,
            0.059556
          ],
          [
            -0.055384,
            0.900074,
            0.432203
          ],
          [
            -0.039432,
            -0.434501,
            0.899808
          ]
        ],
        [
          [
            0.893269,
            -0.090217,
            0.440376
          ],
          [
            0.266282,
            0.895473,
            -0.356682
          ],
          [
            -0.362166,
            0.435877,
            0.823922
          ]
        ],
        [
          [
            0.902048,
            -0.129117,
            -0.411872
          ],
          [
            -0.060564,
            0.906911,
            -0.416947
          ],
          [
            0.427366,
            0.401051,
            0.810257
          ]
        ],
        [
          [
            0.992739,
            -0.120185,
            0.00499
          ],
          [
            0.120208,
            0.989708,
            -0.077644
          ],
          [
            0.004393,
            0.077681,
            0.996969
          ]
        ],
        [
          [
            0.585189,
            0.374389,
            -0.719296
          ],
          [
            0.116746,
            0.838898,
            0.531621
          ],
          [
            0.802449,
            -0.395073,
            0.447205
          ]
        ],
        [
          [
            0.659446,
            -0.156829,
            0.735212
          ],
          [
            0.576983,
            0.732513,
            -0.36127
          ],
          [
            -0.481894,
            0.662443,
            0.57354
          ]
        ],
        [
          [
            0.567676,
            0.823251,
            -0.001108
          ],
          [
            -0.81843,
            0.564205,
            -0.108836
          ],
          [
            -0.088974,
            0.062691,
            0.994059
          ]
        ],
        [
          [
            -0.131727,
            -0.991208,
            -0.012444
          ],
          [
            0.987823,
            -0.130208,
            -0.085157
          ],
          [
            0.082788,
            -0.02351,
            0.99629
          ]
        ],
        [
          [
            0.998475,
            0.049573,
            -0.024294
          ],
          [
            -0.048113,
            0.997193,
            0.057375
          ],
          [
            0.02707,
            -0.056118,
            0.998057
          ]
        ],
        [
          [
            0.999485,
            -0.031505,
            0.006079
          ],
          [
            0.031407,
            0.999383,
            0.015704
          ],
          [
            -0.00657,
            -0.015505,
            0.999858
          ]
        ],
        [
          [
            1.0,
            0.0,
            0.0
          ],
          [
            0.0,
            1.0,
            0.0
          ],
          [
            0.0,
            0.0,
            1.0
          ]
        ],
        [
          [
            1.0,
            0.0,
            0.0
          ],
          [
            0.0,
            1.0,
            0.0
          ],
          [
            0.0,
            0.0,
            1.0
          ]
        ]
      ]
    },
    {
      "time_sec": 0.066667,
      "root_offset": [
        0.025404,
        -0.006852,
        -0.122023
      ],
      "local_rotation_matrices": [
        [
          [
            0.927941,
            0.355057,
            0.113404
          ],
          [
            -0.358904,
            0.933257,
            0.014834
          ],
          [
            -0.100568,
            -0.054466,
            0.993438
          ]
        ],
        [
          [
            0.87795,
            -0.20257,
            0.433785
          ],
          [
            0.385627,
            0.836176,
            -0.390001
          ],
          [
            -0.283718,
            0.50968,
            0.812238
          ]
        ],
        [
          [
            0.918097,
            -0.330999,
            -0.218031
          ],
          [
            -0.100449,
            0.337823,
            -0.935834
          ],
          [
            0.383416,
            0.881088,
            0.276906
          ]
        ],
        [
          [
            0.9982,
            -0.007472,
            -0.059511
          ],
          [
            0.025325,
            0.951927,
            0.305278
          ],
          [
            0.054369,
            -0.306235,
            0.950402
          ]
        ],
        [
          [
            0.999725,
            -0.004724,
            -0.022948
          ],
          [
            0.023412,
            0.238597,
            0.970836
          ],
          [
            0.000889,
            -0.971107,
            0.238642
          ]
        ],
        [
          [
            0.999522,
            0.030354,
            0.005864
          ],
          [
            -0.018041,
            0.418681,
            0.907954
          ],
          [
            0.025105,
            -0.907626,
            0.419029
          ]
        ],
        [
          [
            0.954858,
            0.297062,
            0.000994
          ],
          [
            -0.293665,
            0.944434,
            -0.147664
          ],
          [
            -0.044804,
            0.140706,
            0.989037
          ]
        ],
        [
          [
            0.903784,
            0.134589,
            -0.406277
          ],
          [
            -0.27116,
            0.914503,
            -0.300259
          ],
          [
            0.33113,
            0.381536,
            0.863008
          ]
        ],
        [
          [
            0.830595,
            -0.354166,
            0.429743
          ],
          [
            0.399053,
            0.916793,
            -0.015717
          ],
          [
            -0.388419,
            0.184544,
            0.902814
          ]
        ],
        [
          [
            0.998997,
            0.003118,
            -0.044677
          ],
          [
            0.00834,
            0.967171,
            0.25399
          ],
          [
            0.044002,
            -0.254107,
            0.966175
          ]
        ],
        [
          [
            0.885405,
            0.37912,
            0.268934
          ],
          [
            -0.263967,
            0.886337,
            -0.380431
          ],
          [
            -0.382595,
            0.265846,
            0.884843
          ]
        ],
        [
          [
            0.929824,
            -0.211499,
            -0.301158
          ],
          [
            0.075095,
            0.91018,
            -0.407349
          ],
          [
            0.360262,
            0.356147,
            0.862189
          ]
        ],
        [
          [
            0.998382,
            0.014707,
            0.054922
          ],
          [
            -0.038028,
            0.890834,
            0.452735
          ],
          [
            -0.042268,
            -0.454092,
            0.889952
          ]
        ],
        [
          [
            0.863701,
            -0.116319,
            0.490398
          ],
          [
            0.325008,
            0.872215,
            -0.365529
          ],
          [
            -0.385214,
            0.475091,
            0.791137
          ]
        ],
        [
          [
            0.866493,
            -0.123461,
            -0.483681
          ],
          [
            -0.093482,
            0.91166,
            -0.400172
          ],
          [
            0.490358,
            0.391962,
            0.778405
          ]
        ],
        [
          [
            0.991965,
            -0.126323,
            0.006935
          ],
          [
            0.126462,
            0.98851,
            -0.082802
          ],
          [
            0.003605,
            0.083013,
            0.996542
          ]
        ],
        [
          [
            0.65999,
            0.27575,
            -0.698838
          ],
          [
            0.322254,
            0.736373,
            0.594901
          ],
          [
            0.67865,
            -0.617832,
            0.397138
          ]
        ],
        [
          [
            0.700598,
            -0.244043,
            0.670526
          ],
          [
            0.595754,
            0.717252,
            -0.361423
          ],
          [
            -0.392734,
            0.652681,
            0.647895
          ]
        ],
        [
          [
            0.653988,
            0.756401,
            -0.012516
          ],
          [
            -0.752476,
            0.648712,
            -0.113808
          ],
          [
            -0.077966,
            0.083847,
            0.993424
          ]
        ],
        [
          [
            -0.146383,
            -0.989226,
            -0.002002
          ],
          [
            0.986826,
            -0.145887,
            -0.069937
          ],
          [
            0.068892,
            -0.012213,
            0.997549
          ]
        ],
        [
          [
            0.99857,
            0.046893,
            -0.025678
          ],
          [
            -0.045033,
            0.996616,
            0.068765
          ],
          [
            0.028816,
            -0.06751,
            0.997302
          ]
        ],
        [
          [
            0.999561,
            -0.02864,
            0.007522
          ],
          [
            0.028505,
            0.999443,
            0.017372
          ],
          [
            -0.008015,
            -0.01715,
            0.999821
          ]
        ],
        [
          [
            1.0,
            0.0,
            0.0
          ],
          [
            0.0,
            1.0,
            0.0
          ],
          [
            0.0,
            0.0,
            1.0
          ]
        ],
        [
          [
            1.0,
            0.0,
            0.0
          ],
          [
            0.0,
            1.0,
            0.0
          ],
          [
            0.0,
            0.0,
            1.0
          ]
        ]
      ]
    },
    {
      "time_sec": 0.1,
      "root_offset": [
        0.032722,
        -0.025932,
        -0.162618
      ],
      "local_rotation_matrices": [
        [
          [
            0.821179,
            0.549574,
            0.153733
          ],
          [
            -0.564696,
            0.821422,
            0.079902
          ],
          [
            -0.082367,
            -0.152426,
            0.984877
          ]
        ],
        [
          [
            0.830581,
            -0.273397,
            0.48517
          ],
          [
            0.490488,
            0.771715,
            -0.404818
          ],
          [
            -0.263737,
            0.574204,
            0.775069
          ]
        ],
        [
          [
            0.930284,
            -0.364564,
            -0.040794
          ],
          [
            -0.009928,
            0.086144,
            -0.996233
          ],
          [
            0.366705,
            0.927185,
            0.076519
          ]
        ],
        [
          [
            0.994546,
            -0.012753,
            -0.103518
          ],
          [
            0.044819,
            0.948449,
            0.313745
          ],
          [
            0.09418,
            -0.316674,
            0.943847
          ]
        ],
        [
          [
            0.999335,
            -0.007948,
            -0.03558
          ],
          [
            0.036084,
            0.076404,
            0.996424
          ],
          [
            -0.005201,
            -0.997045,
            0.07664
          ]
        ],
        [
          [
            0.999692,
            0.023213,
            0.008732
          ],
          [
            -0.017098,
            0.390001,
            0.920655
          ],
          [
            0.017966,
            -0.920522,
            0.390278
          ]
        ],
        [
          [
            0.931809,
            0.361679,
            -0.030346
          ],
          [
            -0.36234,
            0.922139,
            -0.135537
          ],
          [
            -0.021038,
            0.13729,
            0.990307
          ]
        ],
        [
          [
            0.908172,
            0.12014,
            -0.400985
          ],
          [
            -0.25979,
            0.912888,
            -0.314873
          ],
          [
            0.328226,
            0.390131,
            0.860271
          ]
        ],
        [
          [
            0.829892,
            -0.366205,
            0.420919
          ],
          [
            0.396113,
            0.918031,
            0.017715
          ],
          [
            -0.392904,
            0.15203,
            0.906925
          ]
        ],
        [
          [
            0.999145,
            0.0002,
            -0.041342
          ],
          [
            0.010771,
            0.964199,
            0.26496
          ],
          [
            0.039915,
            -0.265178,
            0.963373
          ]
        ],
        [
          [
            0.885987,
            0.388446,
            0.253252
          ],
          [
            -0.276331,
            0.880857,
            -0.384359
          ],
          [
            -0.372382,
            0.270556,
            0.887768
          ]
        ],
        [
          [
            0.935079,
            -0.221988,
            -0.276312
          ],
          [
            0.097612,
            0.910716,
            -0.401333
          ],
          [
            0.340733,
            0.348307,
            0.87326
          ]
        ],
        [
          [
            0.999091,
            -0.005038,
            0.042327
          ],
          [
            -0.015335,
            0.884027,
            0.467185
          ],
          [
            -0.039772,
            -0.46741,
            0.883146
          ]
        ],
        [
          [
            0.846588,
            -0.133239,
            0.515302
          ],
          [
            0.359802,
            0.8567,
            -0.369604
          ],
          [
            -0.392214,
            0.498309,
            0.773212
          ]
        ],
        [
          [
            0.847938,
            -0.104737,
            -0.519645
          ],
          [
            -0.125986,
            0.91238,
            -0.389473
          ],
          [
            0.514907,
            0.395717,
            0.760447
          ]
        ],
        [
          [
            0.991427,
            -0.130197,
            0.011039
          ],
          [
            0.130664,
            0.988014,
            -0.082195
          ],
          [
            -0.000205,
            0.082933,
            0.996555
          ]
        ],
        [
          [
            0.70779,
            0.151239,
            -0.690044
          ],
          [
            0.454005,
            0.650983,
            0.608359
          ],
          [
            0.541214,
            -0.743874,
            0.392095
          ]
        ],
        [
          [
            0.753111,
            -0.221001,
            0.619663
          ],
          [
            0.504178,
            0.798967,
            -0.327805
          ],
          [
            -0.422645,
            0.559294,
            0.713134
          ]
        ],
        [
          [
            0.710483,
            0.703445,
            -0.01947
          ],
          [
            -0.700636,
            0.704519,
            -0.112974
          ],
          [
            -0.065754,
            0.093907,
            0.993407
          ]
        ],
        [
          [
            -0.212157,
            -0.977228,
            0.003725
          ],
          [
            0.974684,
            -0.211877,
            -0.071409
          ],
          [
            0.070572,
            -0.011519,
            0.99744
          ]
        ],
        [
          [
            0.998679,
            0.043719,
            -0.027005
          ],
          [
            -0.041821,
            0.99686,
            0.067242
          ],
          [
            0.02986,
            -0.066024,
            0.997371
          ]
        ],
        [
          [
            0.999433,
            -0.028506,
            0.017905
          ],
          [
            0.028211,
            0.999466,
            0.016505
          ],
          [
            -0.018365,
            -0.015991,
            0.999703
          ]
        ],
        [
          [
            1.0,
            0.0,
            0.0
          ],
          [
            0.0,
            1.0,
            0.0
          ],
          [
            0.0,
            0.0,
            1.0
          ]
        ],
        [
          [
            1.0,
            0.0,
            0.0
          ],
          [
            0.0,
            1.0,
            0.0
          ],
          [
            0.0,
            0.0,
            1.0
          ]
        ]
      ]
    },
    {
      "time_sec": 0.133333,
      "root_offset": [
        0.039676,
        -0.054883,
        -0.184934
      ],
      "local_rotation_matrices": [
        [
          [
            0.685588,
            0.69576,
            0.214214
          ],
          [
            -0.725449,
            0.67751,
            0.121258
          ],
          [
            -0.060766,
            -0.238535,
            0.969231
          ]
        ],
        [
          [
            0.775039,
            -0.379663,
            0.505144
          ],
          [
            0.594395,
            0.709353,
            -0.378831
          ],
          [
            -0.214497,
            0.593864,
            0.775446
          ]
        ],
        [
          [
            0.936039,
            -0.331346,
            0.118496
          ],
          [
            0.087919,
            -0.105853,
            -0.990487
          ],
          [
            0.340738,
            0.937553,
            -0.069951
          ]
        ],
        [
          [
            0.987905,
            -0.006771,
            -0.154915
          ],
          [
            0.058393,
            0.941747,
            0.331213
          ],
          [
            0.143648,
            -0.336253,
            0.930752
          ]
        ],
        [
          [
            0.999036,
            -0.009125,
            -0.042933
          ],
          [
            0.042904,
            -0.003382,
            0.999074
          ],
          [
            -0.009262,
            -0.999953,
            -0.002987
          ]
        ],
        [
          [
            0.999894,
            0.013535,
            0.00544
          ],
          [
            -0.01041,
            0.400864,
            0.916079
          ],
          [
            0.010218,
            -0.916038,
            0.400962
          ]
        ],
        [
          [
            0.896789,
            0.436765,
            -0.070753
          ],
          [
            -0.442423,
            0.887208,
            -0.13086
          ],
          [
            0.005618,
            0.148657,
            0.988873
          ]
        ],
        [
          [
            0.913741,
            0.106989,
            -0.391958
          ],
          [
            -0.245054,
            0.914608,
            -0.321621
          ],
          [
            0.324078,
            0.389929,
            0.861933
          ]
        ],
        [
          [
            0.844626,
            -0.362857,
            0.393626
          ],
          [
            0.37564,
            0.925564,
            0.04718
          ],
          [
            -0.381445,
            0.108012,
            0.918059
          ]
        ],
        [
          [
            0.999583,
            -0.000797,
            -0.028875
          ],
          [
            0.008679,
            0.96172,
            0.273896
          ],
          [
            0.027551,
            -0.274033,
            0.961326
          ]
        ],
        [
          [
            0.888212,
            0.388026,
            0.245999
          ],
          [
            -0.278739,
            0.880759,
            -0.382841
          ],
          [
            -0.365218,
            0.271475,
            0.890459
          ]
        ],
        [
          [
            0.937833,
            -0.226341,
            -0.263133
          ],
          [
            0.108644,
            0.911456,
            -0.396793
          ],
          [
            0.329644,
            0.343537,
            0.879384
          ]
        ],
        [
          [
            0.999433,
            -0.022808,
            0.024771
          ],
          [
            0.00838,
            0.880981,
            0.473078
          ],
          [
            -0.032613,
            -0.472602,
            0.880672
          ]
        ],
        [
          [
            0.847521,
            -0.144582,
            0.51069
          ],
          [
            0.366501,
            0.85538,
            -0.366062
          ],
          [
            -0.383908,
            0.497414,
            0.777942
          ]
        ],
        [
          [
            0.854354,
            -0.074069,
            -0.514386
          ],
          [
            -0.15201,
            0.910886,
            -0.38364
          ],
          [
            0.496963,
            0.405956,
            0.76696
          ]
        ],
        [
          [
            0.991157,
            -0.131714,
            0.016113
          ],
          [
            0.132567,
            0.988212,
            -0.076565
          ],
          [
            -0.005839,
            0.078024,
            0.996934
          ]
        ],
        [
          [
            0.738515,
            -0.003247,
            -0.674229
          ],
          [
            0.530334,
            0.620293,
            0.577912
          ],
          [
            0.416343,
            -0.784363,
            0.459818
          ]
        ],
        [
          [
            0.774394,
            -0.099316,
            0.62486
          ],
          [
            0.297555,
            0.928738,
            -0.221148
          ],
          [
            -0.558367,
            0.357186,
            0.748761
          ]
        ],
        [
          [
            0.737701,
            0.674732,
            -0.023101
          ],
          [
            -0.673153,
            0.732498,
            -0.101548
          ],
          [
            -0.051596,
            0.090463,
            0.994562
          ]
        ],
        [
          [
            -0.308056,
            -0.951366,
            0.002224
          ],
          [
            0.948266,
            -0.307239,
            -0.079972
          ],
          [
            0.076766,
            -0.022527,
            0.996795
          ]
        ],
        [
          [
            0.998752,
            0.041048,
            -0.028463
          ],
          [
            -0.03961,
            0.997994,
            0.049378
          ],
          [
            0.030433,
            -0.048189,
            0.998375
          ]
        ],
        [
          [
            0.99881,
            -0.033306,
            0.035614
          ],
          [
            0.032963,
            0.999405,
            0.010186
          ],
          [
            -0.035932,
            -0.009,
            0.999314
          ]
        ],
        [
          [
            1.0,
            0.0,
            0.0
          ],
          [
            0.0,
            1.0,
            0.0
          ],
          [
            0.0,
            0.0,
            1.0
          ]
        ],
        [
          [
            1.0,
            0.0,
            0.0
          ],
          [
            0.0,
            1.0,
            0.0
          ],
          [
            0.0,
            0.0,
            1.0
          ]
        ]
      ]
    },
    {
      "time_sec": 0.166667,
      "root_offset": [
        0.041635,
        -0.079944,
        -0.197311
      ],
      "local_rotation_matrices": [
        [
          [
            0.54594,
            0.787823,
            0.285105
          ],
          [
            -0.835972,
            0.53484,
            0.122871
          ],
          [
            -0.055685,
            -0.30542,
            0.950588
          ]
        ],
        [
          [
            0.71688,
            -0.514175,
            0.470857
          ],
          [
            0.683148,
            0.65293,
            -0.327095
          ],
          [
            -0.139253,
            0.556153,
            0.81933
          ]
        ],
        [
          [
            0.93339,
            -0.270082,
            0.236302
          ],
          [
            0.17318,
            -0.237727,
            -0.955769
          ],
          [
            0.314312,
            0.933028,
            -0.175119
          ]
        ],
        [
          [
            0.978589,
            0.011755,
            -0.205489
          ],
          [
            0.064267,
            0.931003,
            0.35931
          ],
          [
            0.195534,
            -0.364823,
            0.910313
          ]
        ],
        [
          [
            0.998959,
            -0.008677,
            -0.044781
          ],
          [
            0.044632,
            -0.016692,
            0.998864
          ],
          [
            -0.009415,
            -0.999823,
            -0.016287
          ]
        ],
        [
          [
            0.999995,
            0.002327,
            -0.00192
          ],
          [
            0.000784,
            0.413978,
            0.910287
          ],
          [
            0.002913,
            -0.910284,
            0.413974
          ]
        ],
        [
          [
            0.845001,
            0.520999,
            -0.120552
          ],
          [
            -0.533882,
            0.83484,
            -0.134211
          ],
          [
            0.030718,
            0.177769,
            0.983593
          ]
        ],
        [
          [
            0.921426,
            0.091288,
            -0.377678
          ],
          [
            -0.226168,
            0.916382,
            -0.33029
          ],
          [
            0.315946,
            0.389757,
            0.865025
          ]
        ],
        [
          [
            0.869329,
            -0.346253,
            0.352669
          ],
          [
            0.348485,
            0.935431,
