{
  "format": "gf5_keyframed_motion",
  "version": 1,
  "name": "HY-Motion: The spectator throws both arms upward and bouncing on their feet  bouncing on the feet, leaning the upper body backward with head tilted up, to celebrate the victory of their favored winner",
  "profile_name": "course_body_24",
  "joint_order": [
    "pelvis",
    "left_hip",
    "right_hip",
    "spine1",
    "left_knee",
    "right_knee",
    "spine2",
    "left_ankle",
    "right_ankle",
    "spine3",
    "left_foot",
    "right_foot",
    "neck",
    "left_collar",
    "right_collar",
    "head",
    "left_shoulder",
    "right_shoulder",
    "left_elbow",
    "right_elbow",
    "left_wrist",
    "right_wrist",
    "left_hand",
    "right_hand"
  ],
  "coordinate_convention": {
    "name": "gf5_viewer_body",
    "up_axis": [
      0.0,
      0.0,
      1.0
    ],
    "forward_axis": [
      0.0,
      1.0,
      0.0
    ],
    "anatomical_right_axis": [
      1.0,
      0.0,
      0.0
    ],
    "native_smpl_to_viewer": "viewer=(-native_x, native_z, native_y)"
  },
  "duration_sec": 5.7,
  "source_class": "hy_motion_import",
  "source_prompt": "The spectator throws both arms upward and bouncing on their feet  bouncing on the feet, leaning the upper body backward with head tilted up, to celebrate the victory of their favored winner",
  "category": "other",
  "category_label": "Other",
  "root_contract": "spot",
  "default_root_mode": "path",
  "exported_at": "2026-06-04T11:17:15",
  "source_asset_name": null,
  "source": {
    "type": "hy_motion_1_0_fbx",
    "fbx_path": "20260603_182609230_17715c35_002.fbx",
    "prompt": "The spectator throws both arms upward and bouncing on their feet  bouncing on the feet, leaning the upper body backward with head tilted up, to celebrate the victory of their favored winner",
    "unit_scale_to_meters": 0.01,
    "native_up_axis": "Y",
    "native_front_axis": "Z"
  },
  "keyframes": [
    {
      "time_sec": 0.0,
      "root_offset": [
        0.0,
        0.0,
        0.0
      ],
      "local_rotation_matrices": [
        [
          [
            0.999662,
            8.1e-05,
            0.026012
          ],
          [
            0.000331,
            0.999875,
            -0.015832
          ],
          [
            -0.02601,
            0.015836,
            0.999536
          ]
        ],
        [
          [
            0.997757,
            -0.066864,
            -0.00318
          ],
          [
            0.066766,
            0.997465,
            -0.024611
          ],
          [
            0.004817,
            0.024343,
            0.999692
          ]
        ],
        [
          [
            0.999861,
            -0.000765,
            -0.01663
          ],
          [
            0.000257,
            0.999535,
            -0.030489
          ],
          [
            0.016646,
            0.030481,
            0.999397
          ]
        ],
        [
          [
            0.999943,
            0.005218,
            -0.009275
          ],
          [
            -0.005181,
            0.999979,
            0.004009
          ],
          [
            0.009295,
            -0.00396,
            0.999949
          ]
        ],
        [
          [
            0.996074,
            0.087094,
            -0.015871
          ],
          [
            -0.08602,
            0.994546,
            0.058983
          ],
          [
            0.020922,
            -0.057386,
            0.998133
          ]
        ],
        [
          [
            0.999245,
            0.035942,
            0.014738
          ],
          [
            -0.037496,
            0.991559,
            0.124119
          ],
          [
            -0.010153,
            -0.124578,
            0.992158
          ]
        ],
        [
          [
            0.999345,
            -0.030143,
            0.020038
          ],
          [
            0.031034,
            0.998471,
            -0.045745
          ],
          [
            -0.018629,
            0.046337,
            0.998752
          ]
        ],
        [
          [
            0.981939,
            -0.18881,
            -0.012114
          ],
          [
            0.189196,
            0.979651,
            0.066999
          ],
          [
            -0.000782,
            -0.068081,
            0.99768
          ]
        ],
        [
          [
            0.985409,
            0.016429,
            0.16941
          ],
          [
            -0.001608,
            0.996185,
            -0.087257
          ],
          [
            -0.170197,
            0.085711,
            0.981675
          ]
        ],
        [
          [
            0.998926,
            0.045858,
            -0.006554
          ],
          [
            -0.044501,
            0.989261,
            0.139222
          ],
          [
            0.012868,
            -0.138781,
            0.99024
          ]
        ],
        [
          [
            0.997292,
            0.059053,
            0.043833
          ],
          [
            -0.038237,
            0.925484,
            -0.376851
          ],
          [
            -0.062821,
            0.374154,
            0.925236
          ]
        ],
        [
          [
            0.873816,
            -0.138351,
            -0.466159
          ],
          [
            0.139258,
            0.989716,
            -0.032698
          ],
          [
            0.465889,
            -0.036345,
            0.884097
          ]
        ],
        [
          [
            0.983192,
            -0.177271,
            0.043684
          ],
          [
            0.175201,
            0.983392,
            0.047385
          ],
          [
            -0.051358,
            -0.038935,
            0.997921
          ]
        ],
        [
          [
            0.749905,
            -0.474604,
            -0.460863
          ],
          [
            0.449509,
            0.87668,
            -0.171389
          ],
          [
            0.485371,
            -0.078636,
            0.870765
          ]
        ],
        [
          [
            0.847647,
            0.326711,
            0.418037
          ],
          [
            -0.330722,
            0.941474,
            -0.065197
          ],
          [
            -0.414871,
            -0.08299,
            0.906088
          ]
        ],
        [
          [
            0.983308,
            0.171377,
            -0.061108
          ],
          [
            -0.18132,
            0.950835,
            -0.251068
          ],
          [
            0.015076,
            0.257958,
            0.966039
          ]
        ],
        [
          [
            0.520231,
            0.160048,
            -0.838895
          ],
          [
            -0.138464,
            0.985093,
            0.102074
          ],
          [
            0.842726,
            0.063054,
            0.534637
          ]
        ],
        [
          [
            0.499023,
            -0.024701,
            0.866237
          ],
          [
            0.023982,
            0.999605,
            0.014689
          ],
          [
            -0.866257,
            0.013444,
            0.499418
          ]
        ],
        [
          [
            0.999428,
            0.029935,
            0.015756
          ],
          [
            -0.032962,
            0.966486,
            0.254594
          ],
          [
            -0.007607,
            -0.254968,
            0.96692
          ]
        ],
        [
          [
            0.986103,
            -0.163883,
            0.02727
          ],
          [
            0.156842,
            0.97244,
            0.172513
          ],
          [
            -0.054791,
            -0.165838,
            0.98463
          ]
        ],
        [
          [
            0.943852,
            0.329602,
            -0.022477
          ],
          [
            -0.303343,
            0.891586,
            0.336241
          ],
          [
            0.130866,
            -0.310543,
            0.941508
          ]
        ],
        [
          [
            0.899062,
            -0.434633,
            -0.052742
          ],
          [
            0.43662,
            0.898983,
            0.034521
          ],
          [
            0.03241,
            -0.054065,
            0.998011
          ]
        ],
        [
          [
            1.0,
            0.0,
            0.0
          ],
          [
            0.0,
            1.0,
            0.0
          ],
          [
            0.0,
            0.0,
            1.0
          ]
        ],
        [
          [
            1.0,
            0.0,
            0.0
          ],
          [
            0.0,
            1.0,
            0.0
          ],
          [
            0.0,
            0.0,
            1.0
          ]
        ]
      ]
    },
    {
      "time_sec": 0.033333,
      "root_offset": [
        -0.002158,
        -0.001066,
        0.000462
      ],
      "local_rotation_matrices": [
        [
          [
            0.99965,
            -0.001699,
            0.026388
          ],
          [
            0.002179,
            0.999833,
            -0.018164
          ],
          [
            -0.026353,
            0.018215,
            0.999487
          ]
        ],
        [
          [
            0.997743,
            -0.066999,
            -0.004452
          ],
          [
            0.066867,
            0.997445,
            -0.025156
          ],
          [
            0.006126,
            0.024802,
            0.999674
          ]
        ],
        [
          [
            0.999834,
            -0.000773,
            -0.018225
          ],
          [
            0.000247,
            0.999584,
            -0.028841
          ],
          [
            0.01824,
            0.028832,
            0.999418
          ]
        ],
        [
          [
            0.999942,
            0.005154,
            -0.00947
          ],
          [
            -0.005121,
            0.999981,
            0.003464
          ],
          [
            0.009488,
            -0.003415,
            0.999949
          ]
        ],
        [
          [
            0.995936,
            0.088736,
            -0.015401
          ],
          [
            -0.087558,
            0.994026,
            0.065167
          ],
          [
            0.021092,
            -0.063554,
            0.997756
          ]
        ],
        [
          [
            0.999224,
            0.036429,
            0.01501
          ],
          [
            -0.038045,
            0.991153,
            0.127156
          ],
          [
            -0.010245,
            -0.127628,
            0.991769
          ]
        ],
        [
          [
            0.999277,
            -0.031412,
            0.021417
          ],
          [
            0.032359,
            0.998442,
            -0.04545
          ],
          [
            -0.019956,
            0.046111,
            0.998737
          ]
        ],
        [
          [
            0.981996,
            -0.188528,
            -0.011892
          ],
          [
            0.188902,
            0.979853,
            0.064839
          ],
          [
            -0.000572,
            -0.065918,
            0.997825
          ]
        ],
        [
          [
            0.985058,
            0.018454,
            0.171233
          ],
          [
            -0.003168,
            0.996016,
            -0.089122
          ],
          [
            -0.172195,
            0.087248,
            0.981191
          ]
        ],
        [
          [
            0.998998,
            0.044378,
            -0.005821
          ],
          [
            -0.043117,
            0.989087,
            0.140882
          ],
          [
            0.012009,
            -0.14049,
            0.990009
          ]
        ],
        [
          [
            0.99719,
            0.059862,
            0.045045
          ],
          [
            -0.038355,
            0.92443,
            -0.379418
          ],
          [
            -0.064353,
            0.376624,
            0.924128
          ]
        ],
        [
          [
            0.872675,
            -0.140405,
            -0.46768
          ],
          [
            0.141003,
            0.989427,
            -0.033936
          ],
          [
            0.4675,
            -0.036329,
            0.883246
          ]
        ],
        [
          [
            0.983208,
            -0.177205,
            0.043598
          ],
          [
            0.17521,
            0.983456,
            0.045987
          ],
          [
            -0.051026,
            -0.037576,
            0.99799
          ]
        ],
        [
          [
            0.748654,
            -0.476432,
            -0.46101
          ],
          [
            0.450474,
            0.875765,
            -0.173516
          ],
          [
            0.486406,
            -0.07777,
            0.870265
          ]
        ],
        [
          [
            0.848386,
            0.32753,
            0.415891
          ],
          [
            -0.329989,
            0.941509,
            -0.068322
          ],
          [
            -0.413942,
            -0.079276,
            0.906845
          ]
        ],
        [
          [
            0.983093,
            0.172802,
            -0.060557
          ],
          [
            -0.182587,
            0.950027,
            -0.253202
          ],
          [
            0.013776,
            0.259978,
            0.965516
          ]
        ],
        [
          [
            0.519311,
            0.161307,
            -0.839223
          ],
          [
            -0.136904,
            0.985044,
            0.104619
          ],
          [
            0.843548,
            0.060563,
            0.533628
          ]
        ],
        [
          [
            0.49844,
            -0.029919,
            0.866408
          ],
          [
            0.025046,
            0.999484,
            0.020105
          ],
          [
            -0.866563,
            0.011679,
            0.498932
          ]
        ],
        [
          [
            0.999357,
            0.032649,
            0.01481
          ],
          [
            -0.035381,
            0.964856,
            0.260386
          ],
          [
            -0.005788,
            -0.260743,
            0.965391
          ]
        ],
        [
          [
            0.986178,
            -0.163499,
            0.026853
          ],
          [
            0.156658,
            0.972873,
            0.170223
          ],
          [
            -0.053956,
            -0.163663,
            0.98504
          ]
        ],
        [
          [
            0.944309,
            0.328091,
            -0.02523
          ],
          [
            -0.300525,
            0.891115,
            0.339998
          ],
          [
            0.134033,
            -0.313481,
            0.940088
          ]
        ],
        [
          [
            0.902941,
            -0.426736,
            -0.050941
          ],
          [
            0.42842,
            0.903141,
            0.028171
          ],
          [
            0.033985,
            -0.047261,
            0.998304
          ]
        ],
        [
          [
            1.0,
            0.0,
            0.0
          ],
          [
            0.0,
            1.0,
            0.0
          ],
          [
            0.0,
            0.0,
            1.0
          ]
        ],
        [
          [
            1.0,
            0.0,
            0.0
          ],
          [
            0.0,
            1.0,
            0.0
          ],
          [
            0.0,
            0.0,
            1.0
          ]
        ]
      ]
    },
    {
      "time_sec": 0.066667,
      "root_offset": [
        -0.003947,
        -0.001034,
        0.000785
      ],
      "local_rotation_matrices": [
        [
          [
            0.999639,
            -0.003305,
            0.026664
          ],
          [
            0.003878,
            0.999762,
            -0.021474
          ],
          [
            -0.026587,
            0.021569,
            0.999414
          ]
        ],
        [
          [
            0.997709,
            -0.067384,
            -0.006081
          ],
          [
            0.067212,
            0.997423,
            -0.025081
          ],
          [
            0.007756,
            0.024615,
            0.999667
          ]
        ],
        [
          [
            0.999801,
            -0.000675,
            -0.019935
          ],
          [
            0.000162,
            0.999669,
            -0.025743
          ],
          [
            0.019946,
            0.025734,
            0.99947
          ]
        ],
        [
          [
            0.99994,
            0.005065,
            -0.009693
          ],
          [
            -0.005038,
            0.999983,
            0.002853
          ],
          [
            0.009707,
            -0.002804,
            0.999949
          ]
        ],
        [
          [
            0.995788,
            0.090483,
            -0.014819
          ],
          [
            -0.089183,
            0.993367,
            0.072582
          ],
          [
            0.021288,
            -0.070955,
            0.997252
          ]
        ],
        [
          [
            0.999213,
            0.036662,
            0.01515
          ],
          [
            -0.038324,
            0.990771,
            0.130016
          ],
          [
            -0.010243,
            -0.130494,
            0.991396
          ]
        ],
        [
          [
            0.999175,
            -0.03327,
            0.023308
          ],
          [
            0.034294,
            0.998398,
            -0.045012
          ],
          [
            -0.021773,
            0.045774,
            0.998714
          ]
        ],
        [
          [
            0.98207,
            -0.188172,
            -0.011421
          ],
          [
            0.188517,
            0.980106,
            0.062077
          ],
          [
            -0.000487,
            -0.063117,
            0.998006
          ]
        ],
        [
          [
            0.984582,
            0.020834,
            0.173678
          ],
          [
            -0.004995,
            0.995825,
            -0.091144
          ],
          [
            -0.174852,
            0.088871,
            0.980576
          ]
        ],
        [
          [
            0.999086,
            0.042471,
            -0.004782
          ],
          [
            -0.041351,
            0.988854,
            0.143029
          ],
          [
            0.010804,
            -0.142701,
            0.989707
          ]
        ],
        [
          [
            0.997067,
            0.060778,
            0.046509
          ],
          [
            -0.038414,
            0.923061,
            -0.38273
          ],
          [
            -0.066193,
            0.379821,
            0.922689
          ]
        ],
        [
          [
            0.871185,
            -0.142662,
            -0.46977
          ],
          [
            0.143113,
            0.989088,
            -0.03497
          ],
          [
            0.469633,
            -0.036765,
            0.882096
          ]
        ],
        [
          [
            0.98314,
            -0.177656,
            0.043284
          ],
          [
            0.175764,
            0.983439,
            0.044202
          ],
          [
            -0.05042,
            -0.035849,
            0.998084
          ]
        ],
        [
          [
            0.74673,
            -0.479219,
            -0.461242
          ],
          [
            0.452354,
            0.874294,
            -0.176029
          ],
          [
            0.487618,
            -0.077198,
            0.869638
          ]
        ],
        [
          [
            0.849526,
            0.328302,
            0.412944
          ],
          [
            -0.328746,
            0.941645,
            -0.072324
          ],
          [
            -0.41259,
            -0.074313,
            0.90788
          ]
        ],
        [
          [
            0.982827,
            0.174712,
            -0.059381
          ],
          [
            -0.184161,
            0.948973,
            -0.256
          ],
          [
            0.011625,
            0.262539,
            0.964851
          ]
        ],
        [
          [
            0.518076,
            0.162988,
            -0.839662
          ],
          [
            -0.134962,
            0.984956,
            0.107919
          ],
          [
            0.84462,
            0.057412,
            0.532279
          ]
        ],
        [
          [
            0.497414,
            -0.03647,
            0.866746
          ],
          [
            0.0258,
            0.999296,
            0.027241
          ],
          [
            -0.867129,
            0.008812,
            0.498005
          ]
        ],
        [
          [
            0.999252,
            0.036126,
            0.013764
          ],
          [
            -0.038495,
            0.962545,
            0.268374
          ],
          [
            -0.003553,
            -0.268704,
            0.963216
          ]
        ],
        [
          [
            0.986298,
            -0.162901,
            0.02605
          ],
          [
            0.156394,
            0.973543,
            0.1666
          ],
          [
            -0.0525,
            -0.160244,
            0.98568
          ]
        ],
        [
          [
            0.9449,
            0.326121,
            -0.028459
          ],
          [
            -0.297062,
            0.890726,
            0.344036
          ],
          [
            0.137547,
            -0.316625,
            0.938525
          ]
        ],
        [
          [
            0.907305,
            -0.417624,
            -0.048877
          ],
          [
            0.418978,
            0.907744,
            0.021391
          ],
          [
            0.035434,
            -0.039886,
            0.998576
          ]
        ],
        [
          [
            1.0,
            0.0,
            0.0
          ],
          [
            0.0,
            1.0,
            0.0
          ],
          [
            0.0,
            0.0,
            1.0
          ]
        ],
        [
          [
            1.0,
            0.0,
            0.0
          ],
          [
            0.0,
            1.0,
            0.0
          ],
          [
            0.0,
            0.0,
            1.0
          ]
        ]
      ]
    },
    {
      "time_sec": 0.1,
      "root_offset": [
        -0.005512,
        -0.000785,
        0.001028
      ],
      "local_rotation_matrices": [
        [
          [
            0.999642,
            -0.003339,
            0.026548
          ],
          [
            0.004005,
            0.999678,
            -0.025062
          ],
          [
            -0.026456,
            0.025159,
            0.999333
          ]
        ],
        [
          [
            0.997675,
            -0.067752,
            -0.007314
          ],
          [
            0.067572,
            0.997461,
            -0.022485
          ],
          [
            0.008819,
            0.021938,
            0.99972
          ]
        ],
        [
          [
            0.99978,
            -0.000466,
            -0.020979
          ],
          [
            2.5e-05,
            0.999779,
            -0.021013
          ],
          [
            0.020984,
            0.021008,
            0.999559
          ]
        ],
        [
          [
            0.999938,
            0.005052,
            -0.009921
          ],
          [
            -0.005027,
            0.999984,
            0.002577
          ],
          [
            0.009934,
            -0.002527,
            0.999947
          ]
        ],
        [
          [
            0.995758,
            0.090855,
            -0.014557
          ],
          [
            -0.089493,
            0.993059,
            0.076319
          ],
          [
            0.02139,
            -0.074693,
            0.996977
          ]
        ],
        [
          [
            0.999237,
            0.036113,
            0.014903
          ],
          [
            -0.037748,
            0.99078,
            0.130114
          ],
          [
            -0.010067,
            -0.130577,
            0.991387
          ]
        ],
        [
          [
            0.999048,
            -0.035432,
            0.025451
          ],
          [
            0.036544,
            0.998335,
            -0.044626
          ],
          [
            -0.023828,
            0.045513,
            0.99868
          ]
        ],
        [
          [
            0.982115,
            -0.187968,
            -0.010838
          ],
          [
            0.188279,
            0.980273,
            0.060131
          ],
          [
            -0.000678,
            -0.061097,
            0.998132
          ]
        ],
        [
          [
            0.984228,
            0.022034,
            0.175529
          ],
          [
            -0.005913,
            0.995756,
            -0.091842
          ],
          [
            -0.176807,
            0.089356,
            0.980181
          ]
        ],
        [
          [
            0.999171,
            0.040554,
            -0.00365
          ],
          [
            -0.03961,
            0.988838,
            0.143633
          ],
          [
            0.009435,
            -0.143369,
            0.989624
          ]
        ],
        [
          [
            0.997001,
            0.061084,
            0.047516
          ],
          [
            -0.03821,
            0.922483,
            -0.384142
          ],
          [
            -0.067298,
            0.381174,
            0.92205
          ]
        ],
        [
          [
            0.87059,
            -0.143471,
            -0.470626
          ],
          [
            0.144308,
            0.98893,
            -0.034527
          ],
          [
            0.47037,
            -0.037856,
            0.881657
          ]
        ],
        [
          [
            0.983012,
            -0.178529,
            0.042605
          ],
          [
            0.176721,
            0.983321,
            0.043012
          ],
          [
            -0.049573,
            -0.034752,
            0.998166
          ]
        ],
        [
          [
            0.744283,
            -0.482218,
            -0.46207
          ],
          [
            0.455985,
            0.872416,
            -0.175976
          ],
          [
            0.487976,
            -0.079722,
            0.869209
          ]
        ],
        [
          [
            0.850627,
            0.328698,
            0.410355
          ],
          [
            -0.328442,
            0.941664,
            -0.073453
          ],
          [
            -0.410561,
            -0.072297,
            0.908963
          ]
        ],
        [
          [
            0.982645,
            0.176422,
            -0.057309
          ],
          [
            -0.185279,
            0.948454,
            -0.257112
          ],
          [
            0.008994,
            0.263268,
            0.964681
          ]
        ],
        [
          [
            0.516563,
            0.164243,
            -0.840349
          ],
          [
            -0.134539,
            0.984809,
            0.109776
          ],
          [
            0.845613,
            0.056354,
            0.530813
          ]
        ],
        [
          [
            0.49592,
            -0.042206,
            0.867342
          ],
          [
            0.0276,
            0.99908,
            0.032836
          ],
          [
            -0.86793,
            0.007654,
            0.496628
          ]
        ],
        [
          [
            0.999151,
            0.039049,
            0.013106
          ],
          [
            -0.041153,
            0.959763,
            0.27778
          ],
          [
            -0.001731,
            -0.278084,
            0.960555
          ]
        ],
        [
          [
            0.986471,
            -0.162025,
            0.024952
          ],
          [
            0.155839,
            0.974067,
            0.164035
          ],
          [
            -0.050883,
            -0.157927,
            0.986139
          ]
        ],
        [
          [
            0.945496,
            0.324115,
            -0.031422
          ],
          [
            -0.293716,
            0.890503,
            0.34747
          ],
          [
            0.140602,
            -0.319302,
            0.937164
          ]
        ],
        [
          [
            0.910964,
            -0.409837,
            -0.046671
          ],
          [
            0.410887,
            0.911559,
            0.015269
          ],
          [
            0.036285,
            -0.033086,
            0.998794
          ]
        ],
        [
          [
            1.0,
            0.0,
            0.0
          ],
          [
            0.0,
            1.0,
            0.0
          ],
          [
            0.0,
            0.0,
            1.0
          ]
        ],
        [
          [
            1.0,
            0.0,
            0.0
          ],
          [
            0.0,
            1.0,
            0.0
          ],
          [
            0.0,
            0.0,
            1.0
          ]
        ]
      ]
    },
    {
      "time_sec": 0.133333,
      "root_offset": [
        -0.006898,
        -0.00062,
        0.001245
      ],
      "local_rotation_matrices": [
        [
          [
            0.999663,
            -0.001396,
            0.025923
          ],
          [
            0.002138,
            0.999589,
            -0.028591
          ],
          [
            -0.025873,
            0.028637,
            0.999255
          ]
        ],
        [
          [
            0.997654,
            -0.068013,
            -0.007848
          ],
          [
            0.067871,
            0.997547,
            -0.017114
          ],
          [
            0.008993,
            0.016541,
            0.999823
          ]
        ],
        [
          [
            0.999776,
            -0.000186,
            -0.02117
          ],
          [
            -0.000123,
            0.999893,
            -0.01463
          ],
          [
            0.02117,
            0.01463,
            0.999669
          ]
        ],
        [
          [
            0.999935,
            0.005187,
            -0.010184
          ],
          [
            -0.005159,
            0.999983,
            0.002775
          ],
          [
            0.010198,
            -0.002722,
            0.999944
          ]
        ],
        [
          [
            0.995906,
            0.089192,
            -0.014692
          ],
          [
            -0.087853,
            0.993308,
            0.074974
          ],
          [
            0.021281,
            -0.073377,
            0.997077
          ]
        ],
        [
          [
            0.999295,
            0.034729,
            0.014269
          ],
          [
            -0.036257,
            0.991314,
            0.12642
          ],
          [
            -0.009754,
            -0.126848,
            0.991874
          ]
        ],
        [
          [
            0.998899,
            -0.037749,
            0.02787
          ],
          [
            0.038962,
            0.998255,
            -0.044364
          ],
          [
            -0.026147,
            0.045401,
            0.998627
          ]
        ],
        [
          [
            0.982134,
            -0.187894,
            -0.010379
          ],
          [
            0.188178,
            0.980343,
            0.0593
          ],
          [
            -0.000967,
            -0.060194,
            0.998186
          ]
        ],
        [
          [
            0.984177,
            0.021305,
            0.1759
          ],
          [
            -0.005355,
            0.995867,
            -0.09066
          ],
          [
            -0.177105,
            0.088284,
            0.980224
          ]
        ],
        [
          [
            0.999247,
            0.038706,
            -0.002571
          ],
          [
            -0.037956,
            0.989271,
            0.141074
          ],
          [
            0.008004,
            -0.140871,
            0.989996
          ]
        ],
        [
          [
            0.997013,
            0.060417,
            0.048115
          ],
          [
            -0.037521,
            0.923401,
            -0.381999
          ],
          [
            -0.067508,
            0.379053,
            0.922909
          ]
        ],
        [
          [
            0.8718,
            -0.142188,
            -0.468772
          ],
          [
            0.143948,
            0.989058,
            -0.032294
          ],
          [
            0.468235,
            -0.039326,
            0.882729
          ]
        ],
        [
          [
            0.982858,
            -0.179569,
            0.04178
          ],
          [
            0.177793,
            0.98313,
            0.04296
          ],
          [
            -0.048789,
            -0.034795,
            0.998203
          ]
        ],
        [
          [
            0.741377,
            -0.484721,
            -0.464119
          ],
          [
            0.461926,
            0.870272,
            -0.171029
          ],
          [
            0.486811,
            -0.087592,
            0.869105
          ]
        ],
        [
          [
            0.851091,
            0.329019,
            0.409135
          ],
          [
            -0.330778,
            0.941197,
            -0.068803
          ],
          [
            -0.407714,
            -0.076775,
            0.909876
          ]
        ],
        [
          [
            0.98261,
            0.177501,
            -0.054514
          ],
          [
            -0.185569,
            0.949049,
            -0.254697
          ],
          [
            0.006527,
            0.260384,
            0.965483
          ]
        ],
        [
          [
            0.514641,
            0.16424,
            -0.841528
          ],
          [
            -0.13713,
            0.984615,
            0.108303
          ],
          [
            0.846369,
            0.059661,
            0.529245
          ]
        ],
        [
          [
            0.494373,
            -0.046446,
            0.868008
          ],
          [
            0.032703,
            0.998858,
            0.034822
          ],
          [
            -0.868635,
            0.011171,
            0.495327
          ]
        ],
        [
          [
            0.999059,
            0.041267,
            0.01331
          ],
          [
            -0.043353,
            0.956354,
            0.288977
          ],
          [
            -0.000803,
            -0.289282,
            0.957244
          ]
        ],
        [
          [
            0.986628,
            -0.161241,
            0.023816
          ],
          [
            0.155183,
            0.973967,
            0.165244
          ],
          [
            -0.04984,
            -0.159338,
            0.985965
          ]
        ],
        [
          [
            0.946167,
            0.321913,
            -0.033752
          ],
          [
            -0.29037,
            0.890249,
            0.350917
          ],
          [
            0.143013,
            -0.322225,
            0.935798
          ]
        ],
        [
          [
            0.913582,
            -0.404182,
            -0.044782
          ],
          [
            0.404982,
            0.914268,
            0.010141
          ],
          [
            0.036844,
            -0.027401,
            0.998945
          ]
        ],
        [
          [
            1.0,
            0.0,
            0.0
          ],
          [
            0.0,
            1.0,
            0.0
          ],
          [
            0.0,
            0.0,
            1.0
          ]
        ],
        [
          [
            1.0,
            0.0,
            0.0
          ],
          [
            0.0,
            1.0,
            0.0
          ],
          [
            0.0,
            0.0,
            1.0
          ]
        ]
      ]
    },
    {
      "time_sec": 0.166667,
      "root_offset": [
        -0.00809,
        -0.000477,
        0.001479
      ],
      "local_rotation_matrices": [
        [
          [
            0.999688,
            0.001954,
            0.024904
          ],
          [
            -0.00116,
            0.999493,
            -0.031831
          ],
          [
            -0.024954,
            0.031792,
            0.999183
          ]
        ],
        [
          [
            0.997635,
            -0.06828,
            -0.007855
          ],
          [
            0.068201,
            0.997622,
            -0.009904
          ],
          [
            0.008512,
            0.009344,
            0.99992
          ]
        ],
        [
          [
            0.999783,
            0.00015,
            -0.020817
          ],
          [
            -0.000299,
            0.999974,
            -0.00716
          ],
          [
            0.020815,
            0.007165,
            0.999758
          ]
        ],
        [
          [
            0.99993,
            0.005464,
            -0.0105
          ],
          [
            -0.005428,
            0.999979,
            0.003467
          ],
          [
            0.010519,
            -0.00341,
            0.999939
          ]
        ],
        [
          [
            0.996181,
            0.085999,
            -0.015073
          ],
          [
            -0.08475,
            0.993952,
            0.069831
          ],
          [
            0.020987,
            -0.068287,
            0.997445
          ]
        ],
        [
          [
            0.99937,
            0.032864,
            0.013424
          ],
          [
            -0.034236,
            0.99222,
            0.119696
          ],
          [
            -0.009386,
            -0.120081,
            0.99272
          ]
        ],
        [
          [
            0.998731,
            -0.040052,
            0.030523
          ],
          [
            0.041377,
            0.998171,
            -0.044085
          ],
          [
            -0.028701,
            0.045292,
            0.998561
          ]
        ],
        [
          [
            0.982169,
            -0.187722,
            -0.010226
          ],
          [
            0.187997,
            0.98039,
            0.059094
          ],
          [
            -0.001067,
            -0.059963,
            0.9982
          ]
        ],
        [
          [
            0.984464,
            0.018805,
            0.174578
          ],
          [
            -0.003432,
            0.996119,
            -0.087948
