{
  "format": "gf5_keyframed_motion",
  "version": 1,
  "name": "HY-Motion: The individual performs a powerful forward straight punch with their right arm. After impact, he quickly retracts the punching arm back and perform defensive state in boxing match",
  "profile_name": "course_body_24",
  "joint_order": [
    "pelvis",
    "left_hip",
    "right_hip",
    "spine1",
    "left_knee",
    "right_knee",
    "spine2",
    "left_ankle",
    "right_ankle",
    "spine3",
    "left_foot",
    "right_foot",
    "neck",
    "left_collar",
    "right_collar",
    "head",
    "left_shoulder",
    "right_shoulder",
    "left_elbow",
    "right_elbow",
    "left_wrist",
    "right_wrist",
    "left_hand",
    "right_hand"
  ],
  "coordinate_convention": {
    "name": "gf5_viewer_body",
    "up_axis": [
      0.0,
      0.0,
      1.0
    ],
    "forward_axis": [
      0.0,
      1.0,
      0.0
    ],
    "anatomical_right_axis": [
      1.0,
      0.0,
      0.0
    ],
    "native_smpl_to_viewer": "viewer=(-native_x, native_z, native_y)"
  },
  "duration_sec": 1.966667,
  "source_class": "hy_motion_import",
  "source_prompt": "The individual performs a powerful forward straight punch with their right arm. After impact, he quickly retracts the punching arm back and perform defensive state in boxing match",
  "category": "other",
  "category_label": "Other",
  "root_contract": "scene_path",
  "default_root_mode": "path",
  "exported_at": "2026-06-04T11:04:40",
  "source_asset_name": null,
  "source": {
    "type": "hy_motion_1_0_fbx",
    "fbx_path": "20260603_183111077_caf54ea3_002.fbx",
    "prompt": "The individual performs a powerful forward straight punch with their right arm. After impact, he quickly retracts the punching arm back and perform defensive state in boxing match",
    "unit_scale_to_meters": 0.01,
    "native_up_axis": "Y",
    "native_front_axis": "Z"
  },
  "keyframes": [
    {
      "time_sec": 0.0,
      "root_offset": [
        0.0,
        0.0,
        0.0
      ],
      "local_rotation_matrices": [
        [
          [
            0.983647,
            0.035484,
            0.176575
          ],
          [
            -0.04739,
            0.996845,
            0.063667
          ],
          [
            -0.173759,
            -0.070994,
            0.982226
          ]
        ],
        [
          [
            0.957362,
            0.196622,
            0.211657
          ],
          [
            -0.062352,
            0.856013,
            -0.51318
          ],
          [
            -0.282084,
            0.478102,
            0.831774
          ]
        ],
        [
          [
            0.755911,
            0.014776,
            -0.654508
          ],
          [
            -0.49672,
            0.664186,
            -0.558682
          ],
          [
            0.42646,
            0.747421,
            0.509405
          ]
        ],
        [
          [
            0.999648,
            -0.01368,
            0.022723
          ],
          [
            0.008519,
            0.976931,
            0.213384
          ],
          [
            -0.025118,
            -0.213115,
            0.976704
          ]
        ],
        [
          [
            0.9991,
            0.041156,
            0.010285
          ],
          [
            -0.035279,
            0.671468,
            0.740194
          ],
          [
            0.023558,
            -0.73989,
            0.672315
          ]
        ],
        [
          [
            0.998956,
            0.040683,
            0.020773
          ],
          [
            -0.035792,
            0.414546,
            0.909324
          ],
          [
            0.028383,
            -0.909119,
            0.415569
          ]
        ],
        [
          [
            0.901632,
            -0.425505,
            -0.077494
          ],
          [
            0.412957,
            0.900208,
            -0.138173
          ],
          [
            0.128554,
            0.09258,
            0.987372
          ]
        ],
        [
          [
            0.824628,
            0.12466,
            -0.551769
          ],
          [
            -0.241933,
            0.959426,
            -0.144812
          ],
          [
            0.511329,
            0.252907,
            0.821328
          ]
        ],
        [
          [
            0.909124,
            -0.230706,
            0.346796
          ],
          [
            0.280707,
            0.954474,
            -0.100908
          ],
          [
            -0.307728,
            0.189085,
            0.932497
          ]
        ],
        [
          [
            0.999025,
            0.00046,
            -0.044148
          ],
          [
            0.009059,
            0.976536,
            0.215166
          ],
          [
            0.043211,
            -0.215356,
            0.975579
          ]
        ],
        [
          [
            0.830995,
            0.399505,
            0.387095
          ],
          [
            -0.303312,
            0.908729,
            -0.286728
          ],
          [
            -0.466314,
            0.120859,
            0.876324
          ]
        ],
        [
          [
            0.923304,
            -0.208422,
            -0.322598
          ],
          [
            0.029236,
            0.875651,
            -0.482059
          ],
          [
            0.382955,
            0.435656,
            0.814586
          ]
        ],
        [
          [
            0.950099,
            0.254921,
            -0.179797
          ],
          [
            -0.130758,
            0.848736,
            0.512396
          ],
          [
            0.283221,
            -0.463317,
            0.839716
          ]
        ],
        [
          [
            0.962407,
            -0.163794,
            0.216668
          ],
          [
            0.235364,
            0.901055,
            -0.364285
          ],
          [
            -0.135562,
            0.401587,
            0.905732
          ]
        ],
        [
          [
            0.938223,
            -0.040009,
            -0.34371
          ],
          [
            -0.083981,
            0.937268,
            -0.338344
          ],
          [
            0.335685,
            0.346307,
            0.876006
          ]
        ],
        [
          [
            0.979237,
            -0.163001,
            0.120524
          ],
          [
            0.17156,
            0.98307,
            -0.064354
          ],
          [
            -0.107994,
            0.083695,
            0.990622
          ]
        ],
        [
          [
            0.58735,
            0.456952,
            -0.667993
          ],
          [
            -0.25653,
            0.887916,
            0.381834
          ],
          [
            0.767602,
            -0.05291,
            0.638739
          ]
        ],
        [
          [
            0.440747,
            -0.14065,
            0.886544
          ],
          [
            0.103807,
            0.989008,
            0.105297
          ],
          [
            -0.891609,
            0.04562,
            0.450503
          ]
        ],
        [
          [
            0.395471,
            0.916322,
            0.0629
          ],
          [
            -0.91477,
            0.399097,
            -0.062582
          ],
          [
            -0.082448,
            -0.032789,
            0.996056
          ]
        ],
        [
          [
            0.094647,
            -0.994947,
            -0.033506
          ],
          [
            0.988697,
            0.097878,
            -0.113573
          ],
          [
            0.116279,
            -0.022378,
            0.992964
          ]
        ],
        [
          [
            0.997467,
            0.067536,
            -0.022315
          ],
          [
            -0.067872,
            0.997586,
            -0.014675
          ],
          [
            0.02127,
            0.016152,
            0.999643
          ]
        ],
        [
          [
            0.997213,
            -0.065936,
            0.034913
          ],
          [
            0.065023,
            0.997527,
            0.026679
          ],
          [
            -0.036586,
            -0.024335,
            0.999034
          ]
        ],
        [
          [
            1.0,
            0.0,
            0.0
          ],
          [
            0.0,
            1.0,
            0.0
          ],
          [
            0.0,
            0.0,
            1.0
          ]
        ],
        [
          [
            1.0,
            0.0,
            0.0
          ],
          [
            0.0,
            1.0,
            0.0
          ],
          [
            0.0,
            0.0,
            1.0
          ]
        ]
      ]
    },
    {
      "time_sec": 0.033333,
      "root_offset": [
        0.043319,
        -0.049813,
        -0.070476
      ],
      "local_rotation_matrices": [
        [
          [
            0.948533,
            -0.232768,
            0.214719
          ],
          [
            0.215574,
            0.971289,
            0.100627
          ],
          [
            -0.231977,
            -0.049161,
            0.971478
          ]
        ],
        [
          [
            0.925805,
            0.326252,
            0.190907
          ],
          [
            -0.176761,
            0.820076,
            -0.544271
          ],
          [
            -0.334127,
            0.470144,
            0.816899
          ]
        ],
        [
          [
            0.602823,
            -0.05946,
            -0.795656
          ],
          [
            -0.599924,
            0.623663,
            -0.501135
          ],
          [
            0.526019,
            0.779429,
            0.340287
          ]
        ],
        [
          [
            0.999105,
            -0.015247,
            0.039455
          ],
          [
            0.007317,
            0.98101,
            0.193817
          ],
          [
            -0.04166,
            -0.193355,
            0.980244
          ]
        ],
        [
          [
            0.998549,
            0.052905,
            0.010043
          ],
          [
            -0.040864,
            0.623002,
            0.781152
          ],
          [
            0.03507,
            -0.780429,
            0.62426
          ]
        ],
        [
          [
            0.999375,
            0.029613,
            0.019286
          ],
          [
            -0.028045,
            0.332531,
            0.942675
          ],
          [
            0.021502,
            -0.942627,
            0.333153
          ]
        ],
        [
          [
            0.790078,
            -0.604788,
            -0.100037
          ],
          [
            0.590736,
            0.794756,
            -0.139263
          ],
          [
            0.163729,
            0.050933,
            0.98519
          ]
        ],
        [
          [
            0.786142,
            0.130645,
            -0.604081
          ],
          [
            -0.264086,
            0.95469,
            -0.137205
          ],
          [
            0.558785,
            0.267391,
            0.785023
          ]
        ],
        [
          [
            0.886363,
            -0.213038,
            0.411066
          ],
          [
            0.273567,
            0.957272,
            -0.093767
          ],
          [
            -0.373526,
            0.195566,
            0.90677
          ]
        ],
        [
          [
            0.999155,
            -0.007048,
            -0.040504
          ],
          [
            0.015887,
            0.974852,
            0.222287
          ],
          [
            0.037919,
            -0.222742,
            0.97414
          ]
        ],
        [
          [
            0.849073,
            0.405595,
            0.33848
          ],
          [
            -0.328189,
            0.907068,
            -0.263667
          ],
          [
            -0.413966,
            0.112787,
            0.903278
          ]
        ],
        [
          [
            0.916795,
            -0.248763,
            -0.312418
          ],
          [
            0.068028,
            0.868142,
            -0.491631
          ],
          [
            0.393523,
            0.429472,
            0.812831
          ]
        ],
        [
          [
            0.933028,
            0.313121,
            -0.177241
          ],
          [
            -0.17776,
            0.829439,
            0.529558
          ],
          [
            0.312826,
            -0.462586,
            0.829551
          ]
        ],
        [
          [
            0.961214,
            -0.151126,
            0.230711
          ],
          [
            0.227435,
            0.907523,
            -0.353093
          ],
          [
            -0.156014,
            0.39187,
            0.906696
          ]
        ],
        [
          [
            0.924987,
            0.033188,
            -0.378548
          ],
          [
            -0.170769,
            0.926226,
            -0.336072
          ],
          [
            0.339467,
            0.375506,
            0.862414
          ]
        ],
        [
          [
            0.972572,
            -0.184414,
            0.141759
          ],
          [
            0.194702,
            0.978877,
            -0.062382
          ],
          [
            -0.12726,
            0.088272,
            0.987934
          ]
        ],
        [
          [
            0.680404,
            0.473453,
            -0.559368
          ],
          [
            -0.226858,
            0.861874,
            0.453551
          ],
          [
            0.69684,
            -0.181701,
            0.693829
          ]
        ],
        [
          [
            0.494045,
            0.116138,
            0.861645
          ],
          [
            -0.40909,
            0.905532,
            0.112508
          ],
          [
            -0.76718,
            -0.408074,
            0.494884
          ]
        ],
        [
          [
            0.526663,
            0.848868,
            0.045269
          ],
          [
            -0.848247,
            0.528275,
            -0.037444
          ],
          [
            -0.055699,
            -0.018679,
            0.998273
          ]
        ],
        [
          [
            0.103166,
            -0.994392,
            -0.023256
          ],
          [
            0.988158,
            0.105133,
            -0.111759
          ],
          [
            0.113577,
            -0.011451,
            0.993463
          ]
        ],
        [
          [
            0.997821,
            0.059459,
            -0.028606
          ],
          [
            -0.060503,
            0.997476,
            -0.037163
          ],
          [
            0.026324,
            0.038813,
            0.9989
          ]
        ],
        [
          [
            0.99749,
            -0.059165,
            0.038899
          ],
          [
            0.058593,
            0.998159,
            0.015689
          ],
          [
            -0.039756,
            -0.01337,
            0.99912
          ]
        ],
        [
          [
            1.0,
            0.0,
            0.0
          ],
          [
            0.0,
            1.0,
            0.0
          ],
          [
            0.0,
            0.0,
            1.0
          ]
        ],
        [
          [
            1.0,
            0.0,
            0.0
          ],
          [
            0.0,
            1.0,
            0.0
          ],
          [
            0.0,
            0.0,
            1.0
          ]
        ]
      ]
    },
    {
      "time_sec": 0.066667,
      "root_offset": [
        0.022543,
        -0.137771,
        -0.117371
      ],
      "local_rotation_matrices": [
        [
          [
            0.837852,
            -0.496087,
            0.227818
          ],
          [
            0.479513,
            0.868268,
            0.127191
          ],
          [
            -0.260905,
            0.002674,
            0.965361
          ]
        ],
        [
          [
            0.872318,
            0.453751,
            0.182129
          ],
          [
            -0.283789,
            0.773205,
            -0.567114
          ],
          [
            -0.398152,
            0.443017,
            0.80325
          ]
        ],
        [
          [
            0.414475,
            -0.084942,
            -0.906088
          ],
          [
            -0.682824,
            0.629179,
            -0.371329
          ],
          [
            0.601633,
            0.772605,
            0.202779
          ]
        ],
        [
          [
            0.998498,
            -0.018164,
            0.05169
          ],
          [
            0.008732,
            0.984145,
            0.17715
          ],
          [
            -0.054088,
            -0.176432,
            0.982826
          ]
        ],
        [
          [
            0.998075,
            0.061087,
            0.010678
          ],
          [
            -0.043465,
            0.566296,
            0.823055
          ],
          [
            0.044231,
            -0.821935,
            0.567861
          ]
        ],
        [
          [
            0.999688,
            0.021572,
            0.012603
          ],
          [
            -0.018243,
            0.285611,
            0.958172
          ],
          [
            0.01707,
            -0.958103,
            0.285915
          ]
        ],
        [
          [
            0.571463,
            -0.811085,
            -0.124783
          ],
          [
            0.794505,
            0.584899,
            -0.163261
          ],
          [
            0.205404,
            -0.005843,
            0.97866
          ]
        ],
        [
          [
            0.757678,
            0.114955,
            -0.642425
          ],
          [
            -0.272769,
            0.950043,
            -0.151705
          ],
          [
            0.592892,
            0.290177,
            0.751183
          ]
        ],
        [
          [
            0.842253,
            -0.20658,
            0.49793
          ],
          [
            0.293211,
            0.950637,
            -0.101571
          ],
          [
            -0.452368,
            0.231547,
            0.861248
          ]
        ],
        [
          [
            0.999286,
            -0.012512,
            -0.035663
          ],
          [
            0.02056,
            0.971739,
            0.235161
          ],
          [
            0.031713,
            -0.235727,
            0.971302
          ]
        ],
        [
          [
            0.873071,
            0.404711,
            0.27195
          ],
          [
            -0.344299,
            0.906629,
            -0.243888
          ],
          [
            -0.345262,
            0.119299,
            0.930893
          ]
        ],
        [
          [
            0.906343,
            -0.280735,
            -0.3158
          ],
          [
            0.09587,
            0.864516,
            -0.493376
          ],
          [
            0.411522,
            0.416893,
            0.810463
          ]
        ],
        [
          [
            0.915213,
            0.366612,
            -0.167276
          ],
          [
            -0.226685,
            0.811585,
            0.538465
          ],
          [
            0.333166,
            -0.454891,
            0.825878
          ]
        ],
        [
          [
            0.95667,
            -0.130924,
            0.260079
          ],
          [
            0.217505,
            0.915159,
            -0.339374
          ],
          [
            -0.193582,
            0.381238,
            0.903982
          ]
        ],
        [
          [
            0.910355,
            0.089353,
            -0.404067
          ],
          [
            -0.247136,
            0.900561,
            -0.357649
          ],
          [
            0.33193,
            0.425447,
            0.841913
          ]
        ],
        [
          [
            0.970207,
            -0.185517,
            0.155829
          ],
          [
            0.197552,
            0.9781,
            -0.06553
          ],
          [
            -0.140259,
            0.094361,
            0.985608
          ]
        ],
        [
          [
            0.814637,
            0.445962,
            -0.370789
          ],
          [
            -0.218427,
            0.828164,
            0.516173
          ],
          [
            0.537268,
            -0.339503,
            0.772063
          ]
        ],
        [
          [
            0.364665,
            0.376242,
            0.85174
          ],
          [
            -0.861848,
            0.482645,
            0.155792
          ],
          [
            -0.352473,
            -0.790883,
            0.500267
          ]
        ],
        [
          [
            0.600033,
            0.799618,
            0.023905
          ],
          [
            -0.799335,
            0.60048,
            -0.022066
          ],
          [
            -0.031999,
            -0.005868,
            0.999471
          ]
        ],
        [
          [
            0.116264,
            -0.993194,
            -0.00691
          ],
          [
            0.986162,
            0.116263,
            -0.11818
          ],
          [
            0.11818,
            0.006926,
            0.992968
          ]
        ],
        [
          [
            0.998136,
            0.050146,
            -0.034785
          ],
          [
            -0.052277,
            0.996623,
            -0.063324
          ],
          [
            0.031492,
            0.065024,
            0.997387
          ]
        ],
        [
          [
            0.998085,
            -0.045738,
            0.04164
          ],
          [
            0.045353,
            0.998919,
            0.010152
          ],
          [
            -0.04206,
            -0.008244,
            0.999081
          ]
        ],
        [
          [
            1.0,
            0.0,
            0.0
          ],
          [
            0.0,
            1.0,
            0.0
          ],
          [
            0.0,
            0.0,
            1.0
          ]
        ],
        [
          [
            1.0,
            0.0,
            0.0
          ],
          [
            0.0,
            1.0,
            0.0
          ],
          [
            0.0,
            0.0,
            1.0
          ]
        ]
      ]
    },
    {
      "time_sec": 0.1,
      "root_offset": [
        -0.025674,
        -0.210092,
        -0.134233
      ],
      "local_rotation_matrices": [
        [
          [
            0.747804,
            -0.631929,
            0.203603
          ],
          [
            0.624343,
            0.773641,
            0.108053
          ],
          [
            -0.225798,
            0.046316,
            0.973072
          ]
        ],
        [
          [
            0.824344,
            0.525413,
            0.210708
          ],
          [
            -0.338594,
            0.75593,
            -0.560289
          ],
          [
            -0.453664,
            0.390526,
            0.801048
          ]
        ],
        [
          [
            0.306035,
            0.002999,
            -0.952016
          ],
          [
            -0.712135,
            0.664388,
            -0.22683
          ],
          [
            0.631828,
            0.747382,
            0.205461
          ]
        ],
        [
          [
            0.998857,
            -0.022315,
            0.04227
          ],
          [
            0.014669,
            0.98477,
            0.17324
          ],
          [
            -0.045492,
            -0.172422,
            0.983972
          ]
        ],
        [
          [
            0.997842,
            0.06474,
            0.010977
          ],
          [
            -0.043261,
            0.522386,
            0.851611
          ],
          [
            0.049399,
            -0.850248,
            0.524059
          ]
        ],
        [
          [
            0.999863,
            0.016356,
            0.002641
          ],
          [
            -0.007584,
            0.310131,
            0.950664
          ],
          [
            0.01473,
            -0.950553,
            0.310213
          ]
        ],
        [
          [
            0.317654,
            -0.938898,
            -0.132539
          ],
          [
            0.917803,
            0.339562,
            -0.205754
          ],
          [
            0.238188,
            -0.056286,
            0.969587
          ]
        ],
        [
          [
            0.771458,
            0.08191,
            -0.630986
          ],
          [
            -0.260624,
            0.945351,
            -0.195927
          ],
          [
            0.580455,
            0.3156,
            0.750646
          ]
        ],
        [
          [
            0.790132,
            -0.206583,
            0.577074
          ],
          [
            0.340203,
            0.930965,
            -0.132537
          ],
          [
            -0.509856,
            0.301044,
            0.805865
          ]
        ],
        [
          [
            0.999482,
            -0.013068,
            -0.029404
          ],
          [
            0.01993,
            0.968845,
            0.246864
          ],
          [
            0.025262,
            -0.247322,
            0.968604
          ]
        ],
        [
          [
            0.89628,
            0.393169,
            0.205185
          ],
          [
            -0.342462,
            0.907542,
            -0.243077
          ],
          [
            -0.281784,
            0.147597,
            0.948057
          ]
        ],
        [
          [
            0.896271,
            -0.29026,
            -0.335332
          ],
          [
            0.100141,
            0.869011,
            -0.484553
          ],
          [
            0.432054,
            0.400711,
            0.807936
          ]
        ],
        [
          [
            0.90572,
            0.392852,
            -0.159181
          ],
          [
            -0.260399,
            0.812002,
            0.522346
          ],
          [
            0.33446,
            -0.431649,
            0.837744
          ]
        ],
        [
          [
            0.953994,
            -0.109667,
            0.27905
          ],
          [
            0.198865,
            0.927965,
            -0.315173
          ],
          [
            -0.224385,
            0.356166,
            0.907082
          ]
        ],
        [
          [
            0.90518,
            0.111602,
            -0.410116
          ],
          [
            -0.283453,
            0.877507,
            -0.386828
          ],
          [
            0.316709,
            0.466398,
            0.825935
          ]
        ],
        [
          [
            0.973969,
            -0.162123,
            0.158433
          ],
          [
            0.17477,
            0.982163,
            -0.069361
          ],
          [
            -0.144362,
            0.095245,
            0.98493
          ]
        ],
        [
          [
            0.917568,
            0.355587,
            -0.177841
          ],
          [
            -0.219094,
            0.8255,
            0.520143
          ],
          [
            0.331763,
            -0.438302,
            0.835359
          ]
        ],
        [
          [
            0.171158,
            0.470044,
            0.865889
          ],
          [
            -0.984271,
            0.04254,
            0.171466
          ],
          [
            0.043762,
            -0.881617,
            0.469932
          ]
        ],
        [
          [
            0.611935,
            0.790889,
            0.005505
          ],
          [
            -0.790625,
            0.611888,
            -0.022486
          ],
          [
            -0.021153,
            0.009408,
            0.999732
          ]
        ],
        [
          [
            0.151304,
            -0.98839,
            0.013836
          ],
          [
            0.98057,
            0.148309,
            -0.128399
          ],
          [
            0.124856,
            0.032995,
            0.991626
          ]
        ],
        [
          [
            0.998521,
            0.043162,
            -0.033053
          ],
          [
            -0.045674,
            0.995793,
            -0.07944
          ],
          [
            0.029485,
            0.080832,
            0.996291
          ]
        ],
        [
          [
            0.998919,
            -0.028016,
            0.037091
          ],
          [
            0.027645,
            0.999563,
            0.010482
          ],
          [
            -0.037369,
            -0.009445,
            0.999257
          ]
        ],
        [
          [
            1.0,
            0.0,
            0.0
          ],
          [
            0.0,
            1.0,
            0.0
          ],
          [
            0.0,
            0.0,
            1.0
          ]
        ],
        [
          [
            1.0,
            0.0,
            0.0
          ],
          [
            0.0,
            1.0,
            0.0
          ],
          [
            0.0,
            0.0,
            1.0
          ]
        ]
      ]
    },
    {
      "time_sec": 0.133333,
      "root_offset": [
        -0.075823,
        -0.241343,
        -0.123668
      ],
      "local_rotation_matrices": [
        [
          [
            0.72387,
            -0.670366,
            0.163158
          ],
          [
            0.670679,
            0.739189,
            0.061552
          ],
          [
            -0.161867,
            0.064871,
            0.984678
          ]
        ],
        [
          [
            0.797842,
            0.542069,
            0.263836
          ],
          [
            -0.354033,
            0.775507,
            -0.522733
          ],
          [
            -0.487964,
            0.323651,
            0.810642
          ]
        ],
        [
          [
            0.289092,
            0.159302,
            -0.943954
          ],
          [
            -0.721948,
            0.683826,
            -0.105699
          ],
          [
            0.628662,
            0.712043,
            0.312696
          ]
        ],
        [
          [
            0.999553,
            -0.027873,
            0.01079
          ],
          [
            0.02556,
            0.984275,
            0.174784
          ],
          [
            -0.015492,
            -0.17443,
            0.984548
          ]
        ],
        [
          [
            0.997393,
            0.071197,
            0.011783
          ],
          [
            -0.04666,
            0.511673,
            0.857912
          ],
          [
            0.055052,
            -0.856225,
            0.513661
          ]
        ],
        [
          [
            0.999922,
            0.00807,
            -0.00953
          ],
          [
            0.005761,
            0.379004,
            0.925377
          ],
          [
            0.01108,
            -0.92536,
            0.378928
          ]
        ],
        [
          [
            0.14137,
            -0.982076,
            -0.124661
          ],
          [
            0.9587,
            0.16721,
            -0.230076
          ],
          [
            0.246797,
            -0.086987,
            0.965155
          ]
        ],
        [
          [
            0.810222,
            0.058509,
            -0.583196
          ],
          [
            -0.236835,
            0.94284,
            -0.23444
          ],
          [
            0.536143,
            0.328069,
            0.777766
          ]
        ],
        [
          [
            0.750322,
            -0.203485,
            0.628976
          ],
          [
            0.390524,
            0.904121,
            -0.173367
          ],
          [
            -0.533393,
            0.375712,
            0.757848
          ]
        ],
        [
          [
            0.999657,
            -0.014211,
            -0.021982
          ],
          [
            0.01929,
            0.967617,
            0.251685
          ],
          [
            0.017694,
            -0.252023,
            0.96756
          ]
        ],
        [
          [
            0.913201,
            0.376241,
            0.156546
          ],
          [
            -0.330248,
            0.908341,
            -0.256618
          ],
          [
            -0.238748,
            0.182645,
            0.953751
          ]
        ],
        [
          [
            0.888331,
            -0.285263,
            -0.359852
          ],
          [
            0.091052,
            0.877504,
            -0.470847
          ],
          [
            0.450087,
            0.385502,
            0.805487
          ]
        ],
        [
          [
            0.905739,
            0.39352,
            -0.157415
          ],
          [
            -0.275971,
            0.829451,
            0.485644
          ],
          [
            0.321679,
            -0.396425,
            0.859866
          ]
        ],
        [
          [
            0.955273,
            -0.091237,
            0.2813
          ],
          [
            0.174861,
            0.941382,
            -0.288485
          ],
          [
            -0.23849,
            0.324771,
            0.91523
          ]
        ],
        [
          [
            0.90125,
            0.131225,
            -0.412951
          ],
          [
            -0.306262,
            0.867101,
            -0.392862
          ],
          [
            0.306517,
            0.480538,
            0.821663
          ]
        ],
        [
          [
            0.977821,
            -0.138302,
            0.157288
          ],
          [
            0.149945,
            0.986576,
            -0.064685
          ],
          [
            -0.146231,
            0.086835,
            0.985432
          ]
        ],
        [
          [
            0.962669,
            0.25854,
            -0.080164
          ],
          [
            -0.188091,
            0.8519,
            0.488763
          ],
          [
            0.194656,
            -0.455439,
            0.868726
          ]
        ],
        [
          [
            0.01822,
            0.464082,
            0.885605
          ],
          [
            -0.963533,
            -0.228358,
            0.13949
          ],
          [
            0.26697,
            -0.85585,
            0.442998
          ]
        ],
        [
          [
            0.619476,
            0.784988,
            -0.006569
          ],
          [
            -0.78491,
            0.619233,
            -0.0216
          ],
          [
            -0.012889,
            0.018537,
            0.999745
          ]
        ],
        [
          [
            0.231563,
            -0.972396,
            0.028709
          ],
          [
            0.965934,
            0.226319,
            -0.1255
          ],
          [
            0.115538,
            0.056793,
            0.991678
          ]
        ],
        [
          [
            0.998875,
            0.038847,
            -0.02718
          ],
          [
            -0.040978,
            0.995721,
            -0.082824
          ],
          [
            0.023846,
            0.083845,
            0.996193
          ]
        ],
        [
          [
            0.999322,
            -0.014015,
            0.034051
          ],
          [
            0.013598,
            0.99983,
            0.012468
          ],
          [
            -0.03422,
            -0.011997,
            0.999342
          ]
        ],
        [
          [
            1.0,
            0.0,
            0.0
          ],
          [
            0.0,
            1.0,
            0.0
          ],
          [
            0.0,
            0.0,
            1.0
          ]
        ],
        [
          [
            1.0,
            0.0,
            0.0
          ],
          [
            0.0,
            1.0,
            0.0
          ],
          [
            0.0,
            0.0,
            1.0
          ]
        ]
      ]
    },
    {
      "time_sec": 0.166667,
      "root_offset": [
        -0.112341,
        -0.227427,
        -0.094256
      ],
      "local_rotation_matrices": [
        [
          [
            0.732527,
            -0.667808,
            0.132045
          ],
          [
            0.671219,
            0.74089,
            0.023373
          ],
          [
            -0.11344,
            0.07151,
            0.990968
          ]
        ],
        [
          [
            0.798773,
            0.525128,
            0.293602
          ],
          [
            -0.344655,
            0.799399,
            -0.492113
          ],
          [
            -0.493127,
            0.291895,
            0.819526
          ]
        ],
        [
          [
            0.318287,
            0.324391,
            -0.890766
          ],
          [
            -0.728977,
            0.684446,
            -0.011222
          ],
          [
            0.606041,
            0.65292,
            0.454324
          ]
        ],
        [
          [
            0.998985,
            -0.035699,
            -0.027474
          ],
          [
            0.039922,
            0.984139,
            0.172847
          ],
          [
            0.020868,
            -0.173768,
            0.984565
          ]
        ],
        [
          [
            0.996415,
            0.083352,
            0.014499
          ],
          [
            -0.057158,
            0.536859,
            0.841734
          ],
          [
            0.062376,
            -0.839545,
            0.539698
          ]
        ],
        [
          [
            0.999738,
            -0.004746,
            -0.022371
          ],
          [
            0.022066,
            0.457132,
            0.889125
          ],
          [
            0.006006,
            -0.889386,
            0.457117
          ]
        ],
        [
          [
            0.072833,
            -0.989952,
            -0.121202
          ],
          [
            0.972488,
            0.097454,
            -0.211587
          ],
          [
            0.221273,
            -0.102457,
            0.969815
          ]
        ],
        [
          [
            0.846644,
            0.055078,
            -0.529302
          ],
          [
            -0.20046,
            0.954372,
            -0.221336
          ],
          [
            0.49296,
            0.293497,
            0.819054
          ]
        ],
        [
          [
            0.735973,
            -0.204085,
            0.645517
          ],
          [
            0.424461,
            0.881906,
            -0.20512
          ],
          [
