{
  "format": "gf5_keyframed_motion",
  "version": 1,
  "name": "HY-Motion: a person stand up from state of knocked down, lying on the back",
  "profile_name": "course_body_24",
  "joint_order": [
    "pelvis",
    "left_hip",
    "right_hip",
    "spine1",
    "left_knee",
    "right_knee",
    "spine2",
    "left_ankle",
    "right_ankle",
    "spine3",
    "left_foot",
    "right_foot",
    "neck",
    "left_collar",
    "right_collar",
    "head",
    "left_shoulder",
    "right_shoulder",
    "left_elbow",
    "right_elbow",
    "left_wrist",
    "right_wrist",
    "left_hand",
    "right_hand"
  ],
  "coordinate_convention": {
    "name": "gf5_viewer_body",
    "up_axis": [
      0.0,
      0.0,
      1.0
    ],
    "forward_axis": [
      0.0,
      1.0,
      0.0
    ],
    "anatomical_right_axis": [
      1.0,
      0.0,
      0.0
    ],
    "native_smpl_to_viewer": "viewer=(-native_x, native_z, native_y)"
  },
  "duration_sec": 7.0,
  "source_class": "hy_motion_import",
  "source_prompt": "a person stand up from state of knocked down, lying on the back",
  "category": "other",
  "category_label": "Other",
  "root_contract": "scene_path",
  "default_root_mode": "path",
  "exported_at": "2026-06-04T11:55:37",
  "source_asset_name": null,
  "source": {
    "type": "hy_motion_1_0_fbx",
    "fbx_path": "20260604_125207010_08e26329_002.fbx",
    "prompt": "a person stand up from state of knocked down, lying on the back",
    "unit_scale_to_meters": 0.01,
    "native_up_axis": "Y",
    "native_front_axis": "Z"
  },
  "keyframes": [
    {
      "time_sec": 0.0,
      "root_offset": [
        0.0,
        0.0,
        0.0
      ],
      "local_rotation_matrices": [
        [
          [
            0.9854,
            0.166212,
            0.036888
          ],
          [
            0.044787,
            -0.044026,
            -0.998026
          ],
          [
            -0.16426,
            0.985107,
            -0.050827
          ]
        ],
        [
          [
            0.977935,
            0.011718,
            0.208583
          ],
          [
            0.136179,
            0.721396,
            -0.679001
          ],
          [
            -0.158427,
            0.692423,
            0.703883
          ]
        ],
        [
          [
            0.856216,
            0.14145,
            -0.496876
          ],
          [
            -0.45313,
            0.66756,
            -0.590793
          ],
          [
            0.248127,
            0.730996,
            0.635671
          ]
        ],
        [
          [
            0.996804,
            -0.024087,
            0.076164
          ],
          [
            0.033888,
            0.990916,
            -0.130141
          ],
          [
            -0.072337,
            0.132306,
            0.988566
          ]
        ],
        [
          [
            0.996272,
            0.085592,
            0.010765
          ],
          [
            -0.047829,
            0.444195,
            0.894652
          ],
          [
            0.071793,
            -0.891832,
            0.446633
          ]
        ],
        [
          [
            0.999947,
            -0.003927,
            -0.00953
          ],
          [
            0.009675,
            0.67653,
            0.736351
          ],
          [
            0.003556,
            -0.736404,
            0.676532
          ]
        ],
        [
          [
            0.987722,
            -0.151002,
            -0.040046
          ],
          [
            0.154483,
            0.982232,
            0.106565
          ],
          [
            0.023243,
            -0.111443,
            0.993499
          ]
        ],
        [
          [
            0.877209,
            -0.124833,
            -0.463597
          ],
          [
            -0.075402,
            0.917802,
            -0.389813
          ],
          [
            0.474152,
            0.376903,
            0.795691
          ]
        ],
        [
          [
            0.297147,
            -0.942916,
            -0.150376
          ],
          [
            0.625551,
            0.311228,
            -0.715418
          ],
          [
            0.72138,
            0.118516,
            0.682323
          ]
        ],
        [
          [
            0.999646,
            -0.002154,
            -0.026503
          ],
          [
            0.003939,
            0.997711,
            0.0675
          ],
          [
            0.026297,
            -0.067581,
            0.997367
          ]
        ],
        [
          [
            0.945722,
            0.324834,
            0.009603
          ],
          [
            -0.317281,
            0.929317,
            -0.188953
          ],
          [
            -0.070303,
            0.17565,
            0.981939
          ]
        ],
        [
          [
            0.938751,
            -0.22809,
            -0.258306
          ],
          [
            0.121818,
            0.920846,
            -0.37041
          ],
          [
            0.322347,
            0.316256,
            0.89223
          ]
        ],
        [
          [
            0.977679,
            0.126365,
            -0.167859
          ],
          [
            -0.07159,
            0.95147,
            0.2993
          ],
          [
            0.197533,
            -0.280602,
            0.939278
          ]
        ],
        [
          [
            0.994769,
            0.06229,
            0.080963
          ],
          [
            -0.050221,
            0.988392,
            -0.143381
          ],
          [
            -0.088954,
            0.138565,
            0.98635
          ]
        ],
        [
          [
            0.992679,
            -0.099327,
            -0.068722
          ],
          [
            0.073996,
            0.949811,
            -0.303946
          ],
          [
            0.095463,
            0.296635,
            0.950208
          ]
        ],
        [
          [
            0.982425,
            -0.151554,
            0.108958
          ],
          [
            0.158743,
            0.985458,
            -0.060605
          ],
          [
            -0.098188,
            0.076836,
            0.992197
          ]
        ],
        [
          [
            0.953657,
            -0.167421,
            -0.250017
          ],
          [
            0.127881,
            0.977648,
            -0.166887
          ],
          [
            0.272369,
            0.12718,
            0.953751
          ]
        ],
        [
          [
            0.834838,
            0.546586,
            0.0655
          ],
          [
            -0.434383,
            0.727162,
            -0.531551
          ],
          [
            -0.338167,
            0.415307,
            0.84449
          ]
        ],
        [
          [
            0.99223,
            0.114634,
            -0.048364
          ],
          [
            -0.121583,
            0.975879,
            -0.181323
          ],
          [
            0.026411,
            0.185794,
            0.982234
          ]
        ],
        [
          [
            0.8402,
            -0.536826,
            0.076699
          ],
          [
            0.541183,
            0.821095,
            -0.181449
          ],
          [
            0.034429,
            0.193962,
            0.980405
          ]
        ],
        [
          [
            0.999846,
            -0.017509,
            -0.001018
          ],
          [
            0.017496,
            0.999785,
            -0.011132
          ],
          [
            0.001213,
            0.011112,
            0.999938
          ]
        ],
        [
          [
            0.999478,
            0.031426,
            0.007498
          ],
          [
            -0.031851,
            0.997335,
            0.065639
          ],
          [
            -0.005415,
            -0.065844,
            0.997815
          ]
        ],
        [
          [
            1.0,
            0.0,
            0.0
          ],
          [
            0.0,
            1.0,
            0.0
          ],
          [
            0.0,
            0.0,
            1.0
          ]
        ],
        [
          [
            1.0,
            0.0,
            0.0
          ],
          [
            0.0,
            1.0,
            0.0
          ],
          [
            0.0,
            0.0,
            1.0
          ]
        ]
      ]
    },
    {
      "time_sec": 0.033333,
      "root_offset": [
        -0.001497,
        -0.004884,
        -0.000859
      ],
      "local_rotation_matrices": [
        [
          [
            0.985109,
            0.167534,
            0.03864
          ],
          [
            0.04659,
            -0.043781,
            -0.997954
          ],
          [
            -0.1655,
            0.984894,
            -0.050934
          ]
        ],
        [
          [
            0.978346,
            0.008228,
            0.206815
          ],
          [
            0.13763,
            0.720436,
            -0.679728
          ],
          [
            -0.15459,
            0.693473,
            0.703703
          ]
        ],
        [
          [
            0.854574,
            0.145226,
            -0.498611
          ],
          [
            -0.456185,
            0.668759,
            -0.587075
          ],
          [
            0.248191,
            0.729158,
            0.637754
          ]
        ],
        [
          [
            0.996988,
            -0.023963,
            0.073762
          ],
          [
            0.033457,
            0.990911,
            -0.130294
          ],
          [
            -0.06997,
            0.132369,
            0.988728
          ]
        ],
        [
          [
            0.996244,
            0.085938,
            0.010645
          ],
          [
            -0.048158,
            0.447675,
            0.892898
          ],
          [
            0.071969,
            -0.890057,
            0.450132
          ]
        ],
        [
          [
            0.999943,
            -0.003006,
            -0.010221
          ],
          [
            0.009525,
            0.681993,
            0.731297
          ],
          [
            0.004772,
            -0.731353,
            0.681983
          ]
        ],
        [
          [
            0.987059,
            -0.15568,
            -0.038439
          ],
          [
            0.158947,
            0.981566,
            0.106134
          ],
          [
            0.021207,
            -0.11087,
            0.993609
          ]
        ],
        [
          [
            0.880741,
            -0.127324,
            -0.456162
          ],
          [
            -0.069915,
            0.917675,
            -0.391132
          ],
          [
            0.468409,
            0.376378,
            0.799333
          ]
        ],
        [
          [
            0.286788,
            -0.946116,
            -0.150393
          ],
          [
            0.625978,
            0.303909,
            -0.718186
          ],
          [
            0.725193,
            0.111825,
            0.679405
          ]
        ],
        [
          [
            0.999687,
            -0.002188,
            -0.024939
          ],
          [
            0.003864,
            0.997722,
            0.067347
          ],
          [
            0.024735,
            -0.067422,
            0.997418
          ]
        ],
        [
          [
            0.94614,
            0.323653,
            0.008205
          ],
          [
            -0.31637,
            0.92964,
            -0.188889
          ],
          [
            -0.068763,
            0.17612,
            0.981964
          ]
        ],
        [
          [
            0.938062,
            -0.226991,
            -0.261753
          ],
          [
            0.119689,
            0.92129,
            -0.37
          ],
          [
            0.325137,
            0.315754,
            0.891395
          ]
        ],
        [
          [
            0.977134,
            0.127091,
            -0.170461
          ],
          [
            -0.072503,
            0.952811,
            0.29478
          ],
          [
            0.199881,
            -0.27568,
            0.940238
          ]
        ],
        [
          [
            0.994485,
            0.063901,
            0.083169
          ],
          [
            -0.051519,
            0.988332,
            -0.143339
          ],
          [
            -0.091358,
            0.138264,
            0.986173
          ]
        ],
        [
          [
            0.992605,
            -0.100701,
            -0.067784
          ],
          [
            0.075223,
            0.948533,
            -0.307615
          ],
          [
            0.095272,
            0.300242,
            0.949093
          ]
        ],
        [
          [
            0.982317,
            -0.150653,
            0.111161
          ],
          [
            0.15796,
            0.985615,
            -0.060096
          ],
          [
            -0.100508,
            0.076592,
            0.991984
          ]
        ],
        [
          [
            0.954235,
            -0.160432,
            -0.252383
          ],
          [
            0.116792,
            0.976827,
            -0.179359
          ],
          [
            0.27531,
            0.141674,
            0.950859
          ]
        ],
        [
          [
            0.83097,
            0.552393,
            0.065959
          ],
          [
            -0.44601,
            0.73237,
            -0.514499
          ],
          [
            -0.332512,
            0.398114,
            0.854951
          ]
        ],
        [
          [
            0.989976,
            0.131854,
            -0.050619
          ],
          [
            -0.138828,
            0.974354,
            -0.17709
          ],
          [
            0.025971,
            0.182342,
            0.982892
          ]
        ],
        [
          [
            0.839631,
            -0.537767,
            0.076335
          ],
          [
            0.542021,
            0.820473,
            -0.181762
          ],
          [
            0.035115,
            0.193988,
            0.980375
          ]
        ],
        [
          [
            0.999826,
            -0.01857,
            -0.001589
          ],
          [
            0.018552,
            0.999769,
            -0.010816
          ],
          [
            0.001789,
            0.010785,
            0.99994
          ]
        ],
        [
          [
            0.999439,
            0.032425,
            0.008392
          ],
          [
            -0.032899,
            0.997381,
            0.064407
          ],
          [
            -0.006281,
            -0.064647,
            0.997888
          ]
        ],
        [
          [
            1.0,
            0.0,
            0.0
          ],
          [
            0.0,
            1.0,
            0.0
          ],
          [
            0.0,
            0.0,
            1.0
          ]
        ],
        [
          [
            1.0,
            0.0,
            0.0
          ],
          [
            0.0,
            1.0,
            0.0
          ],
          [
            0.0,
            0.0,
            1.0
          ]
        ]
      ]
    },
    {
      "time_sec": 0.066667,
      "root_offset": [
        -0.002833,
        -0.00878,
        -0.001411
      ],
      "local_rotation_matrices": [
        [
          [
            0.984647,
            0.169838,
            0.04032
          ],
          [
            0.04827,
            -0.042945,
            -0.997911
          ],
          [
            -0.167751,
            0.984536,
            -0.050484
          ]
        ],
        [
          [
            0.978782,
            0.003091,
            0.204879
          ],
          [
            0.1402,
            0.719079,
            -0.680639
          ],
          [
            -0.149428,
            0.694921,
            0.703389
          ]
        ],
        [
          [
            0.852485,
            0.151165,
            -0.500418
          ],
          [
            -0.460468,
            0.670306,
            -0.581944
          ],
          [
            0.247464,
            0.726525,
            0.641033
          ]
        ],
        [
          [
            0.997254,
            -0.023842,
            0.070119
          ],
          [
            0.032845,
            0.990947,
            -0.130175
          ],
          [
            -0.066381,
            0.132121,
            0.989008
          ]
        ],
        [
          [
            0.996165,
            0.08687,
            0.010434
          ],
          [
            -0.048851,
            0.453284,
            0.890027
          ],
          [
            0.072587,
            -0.887123,
            0.455789
          ]
        ],
        [
          [
            0.999935,
            -0.001607,
            -0.011254
          ],
          [
            0.009257,
            0.689764,
            0.723975
          ],
          [
            0.006599,
            -0.724032,
            0.689735
          ]
        ],
        [
          [
            0.986012,
            -0.162723,
            -0.03608
          ],
          [
            0.165672,
            0.98055,
            0.105232
          ],
          [
            0.018254,
            -0.109737,
            0.993793
          ]
        ],
        [
          [
            0.886068,
            -0.130743,
            -0.444736
          ],
          [
            -0.061551,
            0.917723,
            -0.392423
          ],
          [
            0.459451,
            0.375087,
            0.805118
          ]
        ],
        [
          [
            0.271461,
            -0.950672,
            -0.150109
          ],
          [
            0.626708,
            0.292969,
            -0.722084
          ],
          [
            0.730442,
            0.101943,
            0.675323
          ]
        ],
        [
          [
            0.99974,
            -0.002263,
            -0.022697
          ],
          [
            0.00378,
            0.997744,
            0.067021
          ],
          [
            0.022495,
            -0.067089,
            0.997493
          ]
        ],
        [
          [
            0.946833,
            0.321674,
            0.005729
          ],
          [
            -0.31487,
            0.93017,
            -0.188788
          ],
          [
            -0.066057,
            0.176947,
            0.982001
          ]
        ],
        [
          [
            0.937039,
            -0.225494,
            -0.266666
          ],
          [
            0.116853,
            0.922029,
            -0.369064
          ],
          [
            0.329095,
            0.314667,
            0.890326
          ]
        ],
        [
          [
            0.976331,
            0.128145,
            -0.174235
          ],
          [
            -0.073883,
            0.954725,
            0.288168
          ],
          [
            0.203273,
            -0.268474,
            0.941595
          ]
        ],
        [
          [
            0.994051,
            0.066647,
            0.086142
          ],
          [
            -0.053908,
            0.988315,
            -0.142572
          ],
          [
            -0.094637,
            0.13708,
            0.986029
          ]
        ],
        [
          [
            0.992489,
            -0.102685,
            -0.06649
          ],
          [
            0.076941,
            0.946531,
            -0.313305
          ],
          [
            0.095106,
            0.305836,
            0.947322
          ]
        ],
        [
          [
            0.98222,
            -0.149157,
            0.113999
          ],
          [
            0.156547,
            0.985917,
            -0.058829
          ],
          [
            -0.103619,
            0.075629,
            0.991737
          ]
        ],
        [
          [
            0.954946,
            -0.151247,
            -0.255349
          ],
          [
            0.1016,
            0.975013,
            -0.197552
          ],
          [
            0.278848,
            0.162708,
            0.946451
          ]
        ],
        [
          [
            0.825402,
            0.560753,
            0.065332
          ],
          [
            -0.462775,
            0.738342,
            -0.490603
          ],
          [
            -0.323344,
            0.37471,
            0.868931
          ]
        ],
        [
          [
            0.986199,
            0.156444,
            -0.054191
          ],
          [
            -0.163526,
            0.9716,
            -0.171036
          ],
          [
            0.025894,
            0.177537,
            0.983773
          ]
        ],
        [
          [
            0.838882,
            -0.538935,
            0.07633
          ],
          [
            0.543137,
            0.819578,
            -0.182469
          ],
          [
            0.03578,
            0.194527,
            0.980244
          ]
        ],
        [
          [
            0.999797,
            -0.019962,
            -0.002811
          ],
          [
            0.019933,
            0.999749,
            -0.010201
          ],
          [
            0.003014,
            0.010143,
            0.999944
          ]
        ],
        [
          [
            0.999388,
            0.033743,
            0.009199
          ],
          [
            -0.034258,
            0.997415,
            0.063168
          ],
          [
            -0.007044,
            -0.063444,
            0.997961
          ]
        ],
        [
          [
            1.0,
            0.0,
            0.0
          ],
          [
            0.0,
            1.0,
            0.0
          ],
          [
            0.0,
            0.0,
            1.0
          ]
        ],
        [
          [
            1.0,
            0.0,
            0.0
          ],
          [
            0.0,
            1.0,
            0.0
          ],
          [
            0.0,
            0.0,
            1.0
          ]
        ]
      ]
    },
    {
      "time_sec": 0.1,
      "root_offset": [
        -0.003997,
        -0.012466,
        -0.001901
      ],
      "local_rotation_matrices": [
        [
          [
            0.984,
            0.17332,
            0.041274
          ],
          [
            0.049238,
            -0.041902,
            -0.997908
          ],
          [
            -0.171228,
            0.983974,
            -0.049765
          ]
        ],
        [
          [
            0.978996,
            -0.003459,
            0.203849
          ],
          [
            0.144389,
            0.717662,
            -0.681258
          ],
          [
            -0.143938,
            0.696383,
            0.703088
          ]
        ],
        [
          [
            0.850618,
            0.158672,
            -0.50127
          ],
          [
            -0.465005,
            0.671989,
            -0.576369
          ],
          [
            0.245394,
            0.723363,
            0.64539
          ]
        ],
        [
          [
            0.997535,
            -0.023765,
            0.066024
          ],
          [
            0.032191,
            0.991038,
            -0.129647
          ],
          [
            -0.062351,
            0.131453,
            0.98936
          ]
        ],
        [
          [
            0.996059,
            0.088123,
            0.010081
          ],
          [
            -0.049679,
            0.460111,
            0.88647
          ],
          [
            0.07348,
            -0.883477,
            0.462675
          ]
        ],
        [
          [
            0.999925,
            -0.000243,
            -0.012285
          ],
          [
            0.008966,
            0.69812,
            0.715925
          ],
          [
            0.008402,
            -0.715981,
            0.698069
          ]
        ],
        [
          [
            0.984745,
            -0.170769,
            -0.033394
          ],
          [
            0.173358,
            0.979369,
            0.103838
          ],
          [
            0.014973,
            -0.108043,
            0.994033
          ]
        ],
        [
          [
            0.892303,
            -0.134711,
            -0.430869
          ],
          [
            -0.051347,
            0.917961,
            -0.393334
          ],
          [
            0.448507,
            0.373097,
            0.812182
          ]
        ],
        [
          [
            0.256576,
            -0.955021,
            -0.148675
          ],
          [
            0.627258,
            0.281562,
            -0.726134
          ],
          [
            0.735334,
            0.09305,
            0.671287
          ]
        ],
        [
          [
            0.999793,
            -0.002315,
            -0.020205
          ],
          [
            0.003664,
            0.997749,
            0.066959
          ],
          [
            0.020004,
            -0.06702,
            0.997551
          ]
        ],
        [
          [
            0.947696,
            0.319163,
            0.002528
          ],
          [
            -0.312978,
            0.930825,
            -0.188704
          ],
          [
            -0.06258,
            0.178043,
            0.982031
          ]
        ],
        [
          [
            0.935854,
            -0.223822,
            -0.272176
          ],
          [
            0.11393,
            0.923079,
            -0.367349
          ],
          [
            0.333461,
            0.312777,
            0.889367
          ]
        ],
        [
          [
            0.975479,
            0.129099,
            -0.178255
          ],
          [
            -0.075383,
            0.956892,
            0.280493
          ],
          [
            0.206782,
            -0.260177,
            0.943159
          ]
        ],
        [
          [
            0.993577,
            0.070032,
            0.088881
          ],
          [
            -0.057044,
            0.988355,
            -0.141071
          ],
          [
            -0.097726,
            0.135095,
            0.986002
          ]
        ],
        [
          [
            0.992383,
            -0.104528,
            -0.065197
          ],
          [
            0.078442,
            0.944218,
            -0.319843
          ],
          [
            0.094993,
            0.312292,
            0.945225
          ]
        ],
        [
          [
            0.98217,
            -0.147464,
            0.116608
          ],
          [
            0.154862,
            0.986284,
            -0.05711
          ],
          [
            -0.106587,
            0.074149,
            0.991535
          ]
        ],
        [
          [
            0.955576,
            -0.142018,
            -0.258274
          ],
          [
            0.085975,
            0.972459,
            -0.216636
          ],
          [
            0.281927,
            0.184807,
            0.941469
          ]
        ],
        [
          [
            0.819223,
            0.569928,
            0.063688
          ],
          [
            -0.480851,
            0.743175,
            -0.465268
          ],
          [
            -0.3125,
            0.350533,
            0.882876
          ]
        ],
        [
          [
            0.981521,
            0.182305,
            -0.058152
          ],
          [
            -0.189544,
            0.967965,
            -0.164672
          ],
          [
            0.026269,
            0.172652,
            0.984633
          ]
        ],
        [
          [
            0.837951,
            -0.540329,
            0.076703
          ],
          [
            0.544529,
            0.818406,
            -0.183572
          ],
          [
            0.036415,
            0.195592,
            0.980009
          ]
        ],
        [
          [
            0.999767,
            -0.021091,
            -0.004554
          ],
          [
            0.021048,
            0.999735,
            -0.009272
          ],
          [
            0.004749,
            0.009174,
            0.999947
          ]
        ],
        [
          [
            0.999333,
            0.035051,
            0.010274
          ],
          [
            -0.035628,
            0.997393,
            0.062749
          ],
          [
            -0.008048,
            -0.063073,
            0.997976
          ]
        ],
        [
          [
            1.0,
            0.0,
            0.0
          ],
          [
            0.0,
            1.0,
            0.0
          ],
          [
            0.0,
            0.0,
            1.0
          ]
        ],
        [
          [
            1.0,
            0.0,
            0.0
          ],
          [
            0.0,
            1.0,
            0.0
          ],
          [
            0.0,
            0.0,
            1.0
          ]
        ]
      ]
    },
    {
      "time_sec": 0.133333,
      "root_offset": [
        -0.004984,
        -0.016335,
        -0.002463
      ],
      "local_rotation_matrices": [
        [
          [
            0.98322,
            0.177574,
            0.041773
          ],
          [
            0.049855,
            -0.041297,
            -0.997902
          ],
          [
            -0.175477,
            0.983241,
            -0.049457
          ]
        ],
        [
          [
            0.978946,
            -0.010956,
            0.203826
          ],
          [
            0.149918,
            0.716263,
            -0.681537
          ],
          [
            -0.138526,
            0.697745,
            0.702825
          ]
        ],
        [
          [
            0.849294,
            0.166628,
            -0.500933
          ],
          [
            -0.469017,
            0.673711,
            -0.571083
          ],
          [
            0.242325,
            0.719964,
            0.650331
          ]
        ],
        [
          [
            0.997781,
            -0.023749,
            0.0622
          ],
          [
            0.031626,
            0.991156,
            -0.128881
          ],
          [
            -0.058589,
            0.130562,
            0.989707
          ]
        ],
        [
          [
            0.995969,
            0.08917,
            0.00973
          ],
          [
            -0.050441,
            0.467064,
            0.882783
          ],
          [
            0.074173,
            -0.879716,
            0.469679
          ]
        ],
        [
          [
            0.999914,
            0.000735,
            -0.01306
          ],
          [
            0.008732,
            0.705908,
            0.70825
          ],
          [
            0.00974,
            -0.708303,
            0.705841
          ]
        ],
        [
          [
            0.9835,
            -0.178279,
            -0.030746
          ],
          [
            0.180526,
            0.978213,
            0.102521
          ],
          [
            0.011799,
            -0.10638,
            0.994256
          ]
        ],
        [
          [
            0.898455,
            -0.13905,
            -0.416466
          ],
          [
            -0.040444,
            0.918285,
            -0.393849
          ],
          [
            0.437199,
            0.370699,
            0.819414
          ]
        ],
        [
          [
            0.246322,
            -0.958107,
            -0.146136
          ],
          [
            0.627118,
            0.272524,
            -0.729694
          ],
          [
            0.738951,
            0.088095,
            0.667976
          ]
        ],
        [
          [
            0.999837,
            -0.00233,
            -0.017884
          ],
          [
            0.003526,
            0.997738,
            0.067126
          ],
          [
            0.017687,
            -0.067179,
            0.997584
          ]
        ],
        [
          [
            0.948536,
            0.31667,
            -0.000357
          ],
          [
            -0.311054,
            0.931501,
            -0.188552
          ],
          [
            -0.059376,
            0.17896,
            0.982063
          ]
        ],
        [
          [
            0.934726,
            -0.222079,
            -0.277431
          ],
          [
            0.111221,
            0.924283,
            -0.365146
          ],
          [
            0.337516,
            0.310455,
            0.888651
          ]
        ],
        [
          [
            0.974767,
            0.129618,
            -0.181738
          ],
          [
            -0.076589,
            0.958924,
            0.273127
          ],
          [
            0.209675,
            -0.252316,
            0.944655
          ]
        ],
        [
          [
            0.993141,
            0.073242,
            0.091137
          ],
          [
            -0.060091,
            0.988398,
            -0.139494
          ],
          [
            -0.100296,
            0.13306,
            0.98602
          ]
        ],
        [
          [
            0.99233,
            -0.105794,
            -0.063952
          ],
          [
            0.079422,
            0.942028,
            -0.326
          ],
          [
            0.094733,
            0.318421,
            0.943204
          ]
        ],
        [
          [
            0.982128,
            -0.145951,
            0.118843
          ],
          [
            0.153329,
            0.986618,
            -0.055454
          ],
          [
            -0.109159,
            0.072685,
            0.991363
          ]
        ],
        [
          [
            0.95604,
            -0.133517,
            -0.261078
          ],
          [
            0.07181,
            0.969819,
            -0.23301
          ],
          [
            0.284309,
            0.204018,
            0.936774
          ]
        ],
        [
          [
            0.813513,
            0.578169,
            0.062596
          ],
          [
            -0.496915,
            0.747001,
            -0.441662
          ],
          [
            -0.302114,
            0.328193,
            0.894995
          ]
        ],
        [
          [
            0.976745,
            0.205396,
            -0.061497
          ],
          [
            -0.212753,
            0.964029,
            -0.159321
          ],
          [
            0.026561,
            0.1687,
            0.985309
          ]
        ],
        [
          [
            0.836759,
            -0.542096,
            0.07724
          ],
          [
            0.546317,
            0.816954,
            -0.184727
          ],
          [
            0.037038,
            0.196769,
            0.97975
          ]
        ],
        [
          [
            0.999745,
            -0.021806,
            -0.005903
          ],
          [
            0.021757,
            0.999728,
            -0.008361
          ],
          [
            0.006083,
            0.008231,
            0.999948
          ]
        ],
        [
          [
            0.999276,
            0.036275,
            0.01149
          ],
          [
            -0.036925,
            0.997352,
            0.062652
          ],
          [
            -0.009187,
            -0.063031,
            0.997969
          ]
        ],
        [
          [
            1.0,
            0.0,
            0.0
          ],
          [
            0.0,
            1.0,
            0.0
          ],
          [
            0.0,
            0.0,
            1.0
          ]
        ],
        [
          [
            1.0,
            0.0,
            0.0
          ],
          [
            0.0,
            1.0,
            0.0
          ],
          [
            0.0,
            0.0,
            1.0
          ]
        ]
      ]
    },
    {
      "time_sec": 0.166667,
      "root_offset": [
        -0.005821,
        -0.02048,
        -0.003144
      ],
      "local_rotation_matrices": [
        [
          [
            0.982438,
            0.181821,
            0.04191
          ],
          [
            0.050207,
            -0.041273,
            -0.997886
          ],
          [
            -0.179707,
            0.982465,
            -0.049677
          ]
        ],
        [
          [
            0.978648,
            -0.018442,
            0.204714
          ],
          [
            0.156025,
            0.715021,
            -0.68147
          ],
          [
            -0.133808,
            0.698859,
            0.702631
          ]
        ],
        [
          [
            0.848534,
            0.173785,
            -0.499789
          ],
          [
            -0.47202,
            0.675469,
            -0.566515
          ],
          [
            0.239141,
            0.716617,
            0.655188
          ]
        ],
        [
          [
            0.997971,
            -0.023782,
            0.059066
          ],
          [
            0.031222,
            0.991228,
            -0.12842
          ],
          [
            -0.055494,
            0.130004,
            0.989959
          ]
        ],
        [
          [
            0.99591,
            0.089856,
            0.009441
          ],
          [
            -0.051057,
            0.473491,
            0.879318
          ],
          [
            0.074541,
            -0.876203,
            0.476142
          ]
        ],
        [
          [
            0.999907,
            0.001221,
            -0.013584
          ],
          [
            0.008658,
            0.712712,
            0.701403
          ],
          [
            0.010538,
            -0.701455,
            0.712635
          ]
        ],
        [
          [
            0.98253,
            -0.183925,
            -0.028387
          ],
          [
            0.185883,
            0.977297,
            0.101681
          ],
          [
            0.00904,
            -0.105181,
            0.994412
          ]
        ],
        [
          [
            0.903662,
            -0.143372,
            -0.403534
          ],
          [
            -0.030279,
            0.918545,
            -0.394155
          ],
          [
            0.427175,
            0.368402,
            0.825713
          ]
        ],
        [
          [
            0.242095,
            -0.9596,
            -0.14338
          ],
          [
            0.626605,
            0.267458,
            -0.732006
          ],
          [
            0.740781,
            0.087373,
            0.66604
          ]
        ],
        [
          [
            0.999869,
            -0.002353,
            -0.015989
          ],
          [
            0.003424,
            0.997728,
            0.067282
          ],
          [
            0.015795,
            -0.067328,
            0.997606
