{
  "format": "gf5_keyframed_motion",
  "version": 1,
  "name": "HY-Motion: a boxer wins and raise arms and jump to celebrate",
  "profile_name": "course_body_24",
  "joint_order": [
    "pelvis",
    "left_hip",
    "right_hip",
    "spine1",
    "left_knee",
    "right_knee",
    "spine2",
    "left_ankle",
    "right_ankle",
    "spine3",
    "left_foot",
    "right_foot",
    "neck",
    "left_collar",
    "right_collar",
    "head",
    "left_shoulder",
    "right_shoulder",
    "left_elbow",
    "right_elbow",
    "left_wrist",
    "right_wrist",
    "left_hand",
    "right_hand"
  ],
  "coordinate_convention": {
    "name": "gf5_viewer_body",
    "up_axis": [
      0.0,
      0.0,
      1.0
    ],
    "forward_axis": [
      0.0,
      1.0,
      0.0
    ],
    "anatomical_right_axis": [
      1.0,
      0.0,
      0.0
    ],
    "native_smpl_to_viewer": "viewer=(-native_x, native_z, native_y)"
  },
  "duration_sec": 4.833333,
  "source_class": "hy_motion_import",
  "source_prompt": "a boxer wins and raise arms and jump to celebrate",
  "category": "other",
  "category_label": "Other",
  "root_contract": "scene_path",
  "default_root_mode": "path",
  "exported_at": "2026-06-04T11:04:58",
  "source_asset_name": null,
  "source": {
    "type": "hy_motion_1_0_fbx",
    "fbx_path": "20260603_182253809_31918257_003.fbx",
    "prompt": "a boxer wins and raise arms and jump to celebrate",
    "unit_scale_to_meters": 0.01,
    "native_up_axis": "Y",
    "native_front_axis": "Z"
  },
  "keyframes": [
    {
      "time_sec": 0.0,
      "root_offset": [
        0.0,
        0.0,
        0.0
      ],
      "local_rotation_matrices": [
        [
          [
            0.993586,
            0.10685,
            -0.037014
          ],
          [
            -0.112969,
            0.923475,
            -0.36665
          ],
          [
            -0.004995,
            0.36848,
            0.929622
          ]
        ],
        [
          [
            0.935436,
            -0.172056,
            0.308797
          ],
          [
            0.200457,
            0.977708,
            -0.062482
          ],
          [
            -0.291163,
            0.120349,
            0.949073
          ]
        ],
        [
          [
            0.974305,
            0.014709,
            -0.224754
          ],
          [
            0.028133,
            0.982104,
            0.186228
          ],
          [
            0.223471,
            -0.187766,
            0.956454
          ]
        ],
        [
          [
            0.999634,
            -0.026918,
            0.002824
          ],
          [
            0.023732,
            0.921879,
            0.38675
          ],
          [
            -0.013014,
            -0.386541,
            0.92218
          ]
        ],
        [
          [
            0.989742,
            0.135073,
            0.046544
          ],
          [
            -0.141616,
            0.884521,
            0.444485
          ],
          [
            0.018869,
            -0.446517,
            0.894576
          ]
        ],
        [
          [
            0.98959,
            -0.142433,
            -0.020611
          ],
          [
            0.139599,
            0.915196,
            0.37806
          ],
          [
            -0.034985,
            -0.377001,
            0.925552
          ]
        ],
        [
          [
            0.982706,
            -0.153306,
            0.103857
          ],
          [
            0.168967,
            0.971846,
            -0.164215
          ],
          [
            -0.075758,
            0.178923,
            0.980942
          ]
        ],
        [
          [
            0.874574,
            0.096074,
            -0.475278
          ],
          [
            -0.152707,
            0.984871,
            -0.081917
          ],
          [
            0.460218,
            0.144221,
            0.876014
          ]
        ],
        [
          [
            0.930888,
            -0.007057,
            0.365236
          ],
          [
            0.063626,
            0.987663,
            -0.143083
          ],
          [
            -0.359721,
            0.156432,
            0.919853
          ]
        ],
        [
          [
            0.999971,
            0.004847,
            0.005922
          ],
          [
            -0.006419,
            0.95259,
            0.304188
          ],
          [
            -0.004167,
            -0.304217,
            0.952594
          ]
        ],
        [
          [
            0.780261,
            0.354506,
            0.515284
          ],
          [
            -0.054545,
            0.859286,
            -0.50858
          ],
          [
            -0.623071,
            0.368719,
            0.689804
          ]
        ],
        [
          [
            0.86142,
            -0.399555,
            -0.313547
          ],
          [
            0.246877,
            0.868911,
            -0.429006
          ],
          [
            0.443855,
            0.292147,
            0.847138
          ]
        ],
        [
          [
            0.983318,
            -0.158043,
            0.090046
          ],
          [
            0.114039,
            0.921317,
            0.371713
          ],
          [
            -0.141708,
            -0.355243,
            0.92397
          ]
        ],
        [
          [
            0.940637,
            0.02589,
            0.338426
          ],
          [
            0.042141,
            0.980463,
            -0.192138
          ],
          [
            -0.336788,
            0.194993,
            0.921168
          ]
        ],
        [
          [
            0.951998,
            0.029212,
            -0.304708
          ],
          [
            -0.12288,
            0.948179,
            -0.293015
          ],
          [
            0.280358,
            0.316392,
            0.906254
          ]
        ],
        [
          [
            0.981217,
            0.173454,
            -0.084425
          ],
          [
            -0.177538,
            0.983152,
            -0.043497
          ],
          [
            0.075458,
            0.057668,
            0.99548
          ]
        ],
        [
          [
            0.410914,
            0.480052,
            -0.775049
          ],
          [
            0.198996,
            0.78241,
            0.590115
          ],
          [
            0.889691,
            -0.396718,
            0.225974
          ]
        ],
        [
          [
            0.603549,
            -0.488612,
            0.63007
          ],
          [
            -0.262534,
            0.624379,
            0.735681
          ],
          [
            -0.752865,
            -0.609434,
            0.248566
          ]
        ],
        [
          [
            0.506341,
            0.858421,
            0.082052
          ],
          [
            -0.862263,
            0.502784,
            0.060918
          ],
          [
            0.011039,
            -0.101595,
            0.994765
          ]
        ],
        [
          [
            0.727375,
            -0.686182,
            0.008913
          ],
          [
            0.685432,
            0.727088,
            0.039062
          ],
          [
            -0.033284,
            -0.022303,
            0.999197
          ]
        ],
        [
          [
            0.996647,
            0.043835,
            -0.069084
          ],
          [
            -0.050517,
            0.993889,
            -0.098143
          ],
          [
            0.06436,
            0.101304,
            0.992772
          ]
        ],
        [
          [
            0.997145,
            -0.034227,
            0.06731
          ],
          [
            0.038478,
            0.997277,
            -0.062907
          ],
          [
            -0.064973,
            0.065317,
            0.995747
          ]
        ],
        [
          [
            1.0,
            0.0,
            0.0
          ],
          [
            0.0,
            1.0,
            0.0
          ],
          [
            0.0,
            0.0,
            1.0
          ]
        ],
        [
          [
            1.0,
            0.0,
            0.0
          ],
          [
            0.0,
            1.0,
            0.0
          ],
          [
            0.0,
            0.0,
            1.0
          ]
        ]
      ]
    },
    {
      "time_sec": 0.033333,
      "root_offset": [
        0.00346,
        -0.001657,
        -0.004668
      ],
      "local_rotation_matrices": [
        [
          [
            0.991502,
            0.122624,
            -0.043452
          ],
          [
            -0.129999,
            0.921119,
            -0.366934
          ],
          [
            -0.004971,
            0.369464,
            0.929232
          ]
        ],
        [
          [
            0.933309,
            -0.159276,
            0.321817
          ],
          [
            0.197848,
            0.976026,
            -0.090721
          ],
          [
            -0.299652,
            0.148341,
            0.942446
          ]
        ],
        [
          [
            0.973553,
            0.007221,
            -0.228345
          ],
          [
            0.027861,
            0.988287,
            0.15004
          ],
          [
            0.226754,
            -0.152434,
            0.961949
          ]
        ],
        [
          [
            0.999604,
            -0.027993,
            -0.002865
          ],
          [
            0.026775,
            0.914855,
            0.402895
          ],
          [
            -0.008657,
            -0.402812,
            0.915242
          ]
        ],
        [
          [
            0.991308,
            0.122387,
            0.04826
          ],
          [
            -0.130727,
            0.875198,
            0.465767
          ],
          [
            0.014767,
            -0.468027,
            0.883591
          ]
        ],
        [
          [
            0.991048,
            -0.131375,
            -0.023745
          ],
          [
            0.128698,
            0.892844,
            0.431586
          ],
          [
            -0.035499,
            -0.430779,
            0.901759
          ]
        ],
        [
          [
            0.976739,
            -0.185736,
            0.107161
          ],
          [
            0.200793,
            0.967599,
            -0.153083
          ],
          [
            -0.075256,
            0.171039,
            0.982386
          ]
        ],
        [
          [
            0.872055,
            0.100032,
            -0.479076
          ],
          [
            -0.156494,
            0.98449,
            -0.079302
          ],
          [
            0.463713,
            0.144128,
            0.874184
          ]
        ],
        [
          [
            0.930515,
            -0.013033,
            0.366021
          ],
          [
            0.072546,
            0.986124,
            -0.149317
          ],
          [
            -0.358996,
            0.165495,
            0.91855
          ]
        ],
        [
          [
            0.999956,
            0.000671,
            0.009411
          ],
          [
            -0.003579,
            0.949894,
            0.312551
          ],
          [
            -0.00873,
            -0.312571,
            0.949854
          ]
        ],
        [
          [
            0.774234,
            0.357101,
            0.522533
          ],
          [
            -0.049581,
            0.857302,
            -0.512421
          ],
          [
            -0.630954,
            0.370826,
            0.681458
          ]
        ],
        [
          [
            0.863787,
            -0.398855,
            -0.307874
          ],
          [
            0.240113,
            0.863043,
            -0.444412
          ],
          [
            0.442964,
            0.309953,
            0.841256
          ]
        ],
        [
          [
            0.984814,
            -0.145708,
            0.094393
          ],
          [
            0.099291,
            0.918715,
            0.382236
          ],
          [
            -0.142415,
            -0.367059,
            0.919231
          ]
        ],
        [
          [
            0.922228,
            0.020565,
            0.3861
          ],
          [
            0.065232,
            0.975995,
            -0.207795
          ],
          [
            -0.381105,
            0.216821,
            0.898748
          ]
        ],
        [
          [
            0.937171,
            0.027061,
            -0.347818
          ],
          [
            -0.141913,
            0.940344,
            -0.309215
          ],
          [
            0.318701,
            0.339148,
            0.885104
          ]
        ],
        [
          [
            0.98362,
            0.163163,
            -0.076612
          ],
          [
            -0.167018,
            0.984838,
            -0.046904
          ],
          [
            0.067797,
            0.058931,
            0.995957
          ]
        ],
        [
          [
            0.40602,
            0.500077,
            -0.764899
          ],
          [
            0.262675,
            0.737812,
            0.6218
          ],
          [
            0.8753,
            -0.453383,
            0.168208
          ]
        ],
        [
          [
            0.604387,
            -0.494623,
            0.624551
          ],
          [
            -0.322166,
            0.565241,
            0.759416
          ],
          [
            -0.728646,
            -0.66019,
            0.182274
          ]
        ],
        [
          [
            0.389478,
            0.917708,
            0.07822
          ],
          [
            -0.921022,
            0.387604,
            0.038487
          ],
          [
            0.005001,
            -0.087032,
            0.996193
          ]
        ],
        [
          [
            0.662627,
            -0.74888,
            0.010246
          ],
          [
            0.748538,
            0.662654,
            0.024108
          ],
          [
            -0.024843,
            -0.008305,
            0.999657
          ]
        ],
        [
          [
            0.996184,
            0.048153,
            -0.072798
          ],
          [
            -0.054459,
            0.994694,
            -0.087282
          ],
          [
            0.068209,
            0.090914,
            0.99352
          ]
        ],
        [
          [
            0.996686,
            -0.041034,
            0.070232
          ],
          [
            0.0449,
            0.99751,
            -0.054394
          ],
          [
            -0.067825,
            0.057367,
            0.996047
          ]
        ],
        [
          [
            1.0,
            0.0,
            0.0
          ],
          [
            0.0,
            1.0,
            0.0
          ],
          [
            0.0,
            0.0,
            1.0
          ]
        ],
        [
          [
            1.0,
            0.0,
            0.0
          ],
          [
            0.0,
            1.0,
            0.0
          ],
          [
            0.0,
            0.0,
            1.0
          ]
        ]
      ]
    },
    {
      "time_sec": 0.066667,
      "root_offset": [
        0.006361,
        -0.000294,
        -0.015699
      ],
      "local_rotation_matrices": [
        [
          [
            0.988946,
            0.13962,
            -0.049925
          ],
          [
            -0.148178,
            0.918263,
            -0.3672
          ],
          [
            -0.005424,
            0.370539,
            0.928801
          ]
        ],
        [
          [
            0.930884,
            -0.138591,
            0.338006
          ],
          [
            0.193067,
            0.972113,
            -0.133124
          ],
          [
            -0.31013,
            0.189181,
            0.931681
          ]
        ],
        [
          [
            0.97245,
            -0.003434,
            -0.233085
          ],
          [
            0.026306,
            0.995121,
            0.095088
          ],
          [
            0.231622,
            -0.0986,
            0.967796
          ]
        ],
        [
          [
            0.999526,
            -0.027983,
            -0.012855
          ],
          [
            0.030793,
            0.903193,
            0.428129
          ],
          [
            -0.00037,
            -0.428322,
            0.903626
          ]
        ],
        [
          [
            0.993358,
            0.103519,
            0.050228
          ],
          [
            -0.114672,
            0.854857,
            0.506033
          ],
          [
            0.009446,
            -0.508432,
            0.86105
          ]
        ],
        [
          [
            0.992775,
            -0.116862,
            -0.027233
          ],
          [
            0.114216,
            0.850746,
            0.513016
          ],
          [
            -0.036784,
            -0.51242,
            0.857947
          ]
        ],
        [
          [
            0.968139,
            -0.225364,
            0.109174
          ],
          [
            0.239515,
            0.960587,
            -0.141087
          ],
          [
            -0.073075,
            0.16274,
            0.983959
          ]
        ],
        [
          [
            0.868706,
            0.104345,
            -0.484212
          ],
          [
            -0.163074,
            0.983311,
            -0.080667
          ],
          [
            0.467714,
            0.149038,
            0.871224
          ]
        ],
        [
          [
            0.930162,
            -0.019736,
            0.366619
          ],
          [
            0.08507,
            0.982965,
            -0.162918
          ],
          [
            -0.357158,
            0.182728,
            0.915996
          ]
        ],
        [
          [
            0.999891,
            -0.004715,
            0.014028
          ],
          [
            -6.8e-05,
            0.946431,
            0.322907
          ],
          [
            -0.014799,
            -0.322872,
            0.946327
          ]
        ],
        [
          [
            0.76749,
            0.36097,
            0.529773
          ],
          [
            -0.04503,
            0.854715,
            -0.51714
          ],
          [
            -0.639477,
            0.373044,
            0.67224
          ]
        ],
        [
          [
            0.867466,
            -0.397894,
            -0.298636
          ],
          [
            0.232954,
            0.855271,
            -0.462864
          ],
          [
            0.439586,
            0.33195,
            0.83461
          ]
        ],
        [
          [
            0.986142,
            -0.131959,
            0.100556
          ],
          [
            0.081932,
            0.914393,
            0.39645
          ],
          [
            -0.144263,
            -0.382717,
            0.912533
          ]
        ],
        [
          [
            0.899738,
            0.01876,
            0.436027
          ],
          [
            0.088838,
            0.970286,
            -0.225063
          ],
          [
            -0.427293,
            0.241234,
            0.871336
          ]
        ],
        [
          [
            0.918411,
            0.02272,
            -0.394973
          ],
          [
            -0.163805,
            0.930594,
            -0.327358
          ],
          [
            0.360122,
            0.365348,
            0.858389
          ]
        ],
        [
          [
            0.986361,
            0.150265,
            -0.067169
          ],
          [
            -0.153789,
            0.986799,
            -0.050761
          ],
          [
            0.058655,
            0.060398,
            0.99645
          ]
        ],
        [
          [
            0.400838,
            0.525744,
            -0.750281
          ],
          [
            0.347499,
            0.670502,
            0.655493
          ],
          [
            0.847687,
            -0.523469,
            0.086067
          ]
        ],
        [
          [
            0.607179,
            -0.499211,
            0.61816
          ],
          [
            -0.396174,
            0.484173,
            0.780142
          ],
          [
            -0.688752,
            -0.718585,
            0.096205
          ]
        ],
        [
          [
            0.234392,
            0.9697,
            0.068865
          ],
          [
            -0.972139,
            0.233987,
            0.014003
          ],
          [
            -0.002535,
            -0.070229,
            0.997528
          ]
        ],
        [
          [
            0.570167,
            -0.821425,
            0.013026
          ],
          [
            0.821411,
            0.570282,
            0.007858
          ],
          [
            -0.013884,
            0.006219,
            0.999884
          ]
        ],
        [
          [
            0.995634,
            0.053764,
            -0.076307
          ],
          [
            -0.059329,
            0.995592,
            -0.07264
          ],
          [
            0.072065,
            0.07685,
            0.994435
          ]
        ],
        [
          [
            0.996102,
            -0.049174,
            0.07323
          ],
          [
            0.052475,
            0.997658,
            -0.043863
          ],
          [
            -0.070902,
            0.047535,
            0.99635
          ]
        ],
        [
          [
            1.0,
            0.0,
            0.0
          ],
          [
            0.0,
            1.0,
            0.0
          ],
          [
            0.0,
            0.0,
            1.0
          ]
        ],
        [
          [
            1.0,
            0.0,
            0.0
          ],
          [
            0.0,
            1.0,
            0.0
          ],
          [
            0.0,
            0.0,
            1.0
          ]
        ]
      ]
    },
    {
      "time_sec": 0.1,
      "root_offset": [
        0.009811,
        0.001834,
        -0.028213
      ],
      "local_rotation_matrices": [
        [
          [
            0.986899,
            0.15213,
            -0.05373
          ],
          [
            -0.161203,
            0.916066,
            -0.367201
          ],
          [
            -0.006642,
            0.371052,
            0.928588
          ]
        ],
        [
          [
            0.928347,
            -0.114456,
            0.353655
          ],
          [
            0.188192,
            0.96519,
            -0.181635
          ],
          [
            -0.320556,
            0.235175,
            0.917571
          ]
        ],
        [
          [
            0.971151,
            -0.015918,
            -0.237932
          ],
          [
            0.024031,
            0.999223,
            0.031235
          ],
          [
            0.23725,
            -0.036052,
            0.970779
          ]
        ],
        [
          [
            0.999302,
            -0.026075,
            -0.026755
          ],
          [
            0.035472,
            0.886983,
            0.460438
          ],
          [
            0.011725,
            -0.461066,
            0.887288
          ]
        ],
        [
          [
            0.995207,
            0.083267,
            0.05128
          ],
          [
            -0.097699,
            0.823965,
            0.558154
          ],
          [
            0.004223,
            -0.560489,
            0.828151
          ]
        ],
        [
          [
            0.994223,
            -0.103097,
            -0.029872
          ],
          [
            0.100135,
            0.790649,
            0.604026
          ],
          [
            -0.038655,
            -0.603528,
            0.796405
          ]
        ],
        [
          [
            0.9583,
            -0.264251,
            0.10878
          ],
          [
            0.277487,
            0.951443,
            -0.133254
          ],
          [
            -0.068285,
            0.157883,
            0.985094
          ]
        ],
        [
          [
            0.865063,
            0.107837,
            -0.489936
          ],
          [
            -0.170955,
            0.981535,
            -0.08581
          ],
          [
            0.471636,
            0.157988,
            0.867525
          ]
        ],
        [
          [
            0.929815,
            -0.024409,
            0.367216
          ],
          [
            0.097227,
            0.978641,
            -0.181134
          ],
          [
            -0.354952,
            0.204125,
            0.912328
          ]
        ],
        [
          [
            0.999784,
            -0.009555,
            0.018454
          ],
          [
            0.002881,
            0.943172,
            0.332293
          ],
          [
            -0.02058,
            -0.332168,
            0.942996
          ]
        ],
        [
          [
            0.762868,
            0.365856,
            0.533086
          ],
          [
            -0.043407,
            0.851625,
            -0.522352
          ],
          [
            -0.645095,
            0.375346,
            0.665558
          ]
        ],
        [
          [
            0.871148,
            -0.397126,
            -0.288777
          ],
          [
            0.228364,
            0.848319,
            -0.477708
          ],
          [
            0.434685,
            0.350208,
            0.829701
          ]
        ],
        [
          [
            0.986693,
            -0.121299,
            0.108274
          ],
          [
            0.066791,
            0.909517,
            0.410265
          ],
          [
            -0.148242,
            -0.397573,
            0.905516
          ]
        ],
        [
          [
            0.882916,
            0.021078,
            0.469058
          ],
          [
            0.105073,
            0.964787,
            -0.241136
          ],
          [
            -0.457623,
            0.262188,
            0.849611
          ]
        ],
        [
          [
            0.902458,
            0.019352,
            -0.430344
          ],
          [
            -0.182854,
            0.921735,
            -0.342008
          ],
          [
            0.390044,
            0.387338,
            0.835365
          ]
        ],
        [
          [
            0.988551,
            0.138548,
            -0.059763
          ],
          [
            -0.141783,
            0.988436,
            -0.053784
          ],
          [
            0.05162,
            0.061642,
            0.996763
          ]
        ],
        [
          [
            0.39652,
            0.545319,
            -0.738512
          ],
          [
            0.428138,
            0.601768,
            0.674221
          ],
          [
            0.812078,
            -0.583526,
            0.005141
          ]
        ],
        [
          [
            0.611071,
            -0.496483,
            0.61652
          ],
          [
            -0.460223,
            0.410854,
            0.787016
          ],
          [
            -0.64404,
            -0.764659,
            0.022568
          ]
        ],
        [
          [
            0.089469,
            0.994352,
            0.057086
          ],
          [
            -0.995948,
            0.089843,
            -0.004013
          ],
          [
            -0.009119,
            -0.056495,
            0.998361
          ]
        ],
        [
          [
            0.477876,
            -0.878281,
            0.016044
          ],
          [
            0.878415,
            0.477886,
            -0.003419
          ],
          [
            -0.004664,
            0.015727,
            0.999865
          ]
        ],
        [
          [
            0.995154,
            0.059165,
            -0.07854
          ],
          [
            -0.063784,
            0.996296,
            -0.057667
          ],
          [
            0.074837,
            0.062397,
            0.995242
          ]
        ],
        [
          [
            0.995592,
            -0.056245,
            0.075051
          ],
          [
            0.058942,
            0.997674,
            -0.034226
          ],
          [
            -0.072952,
            0.038499,
            0.996592
          ]
        ],
        [
          [
            1.0,
            0.0,
            0.0
          ],
          [
            0.0,
            1.0,
            0.0
          ],
          [
            0.0,
            0.0,
            1.0
          ]
        ],
        [
          [
            1.0,
            0.0,
            0.0
          ],
          [
            0.0,
            1.0,
            0.0
          ],
          [
            0.0,
            0.0,
            1.0
          ]
        ]
      ]
    },
    {
      "time_sec": 0.133333,
      "root_offset": [
        0.014107,
        0.003385,
        -0.039938
      ],
      "local_rotation_matrices": [
        [
          [
            0.98536,
            0.161219,
            -0.055439
          ],
          [
            -0.170277,
            0.914622,
            -0.366705
          ],
          [
            -0.008414,
            0.370776,
            0.928684
          ]
        ],
        [
          [
            0.92486,
            -0.093089,
            0.368738
          ],
          [
            0.187146,
            0.955462,
            -0.228186
          ],
          [
            -0.331073,
            0.280048,
            0.90109
          ]
        ],
        [
          [
            0.969829,
            -0.030598,
            -0.241857
          ],
          [
            0.023449,
            0.9992,
            -0.032383
          ],
          [
            0.242654,
            0.025735,
            0.969771
          ]
        ],
        [
          [
            0.998801,
            -0.022276,
            -0.043582
          ],
          [
            0.041087,
            0.865486,
            0.499245
          ],
          [
            0.026599,
            -0.500437,
            0.865364
          ]
        ],
        [
          [
            0.996503,
            0.066031,
            0.051212
          ],
          [
            -0.083562,
            0.789403,
            0.608162
          ],
          [
            -0.000269,
            -0.610314,
            0.792159
          ]
        ],
        [
          [
            0.995215,
            -0.092527,
            -0.031387
          ],
          [
            0.088761,
            0.721916,
            0.686264
          ],
          [
            -0.040839,
            -0.685767,
            0.726675
          ]
        ],
        [
          [
            0.946353,
            -0.304806,
            0.10728
          ],
          [
            0.317361,
            0.939203,
            -0.131072
          ],
          [
            -0.060806,
            0.158087,
            0.985551
          ]
        ],
        [
          [
            0.861311,
            0.11062,
            -0.49589
          ],
          [
            -0.177855,
            0.979903,
            -0.090324
          ],
          [
            0.475932,
            0.165994,
            0.863675
          ]
        ],
        [
          [
            0.929334,
            -0.02626,
            0.368306
          ],
          [
            0.105755,
            0.974611,
            -0.197358
          ],
          [
            -0.353772,
            0.222362,
            0.908515
          ]
        ],
        [
          [
            0.999678,
            -0.012917,
            0.02184
          ],
          [
            0.004727,
            0.940465,
            0.339857
          ],
          [
            -0.02493,
            -0.339645,
            0.940223
          ]
        ],
        [
          [
            0.76104,
            0.371702,
            0.531653
          ],
          [
            -0.044776,
            0.847706,
            -0.528574
          ],
          [
            -0.647157,
            0.37846,
            0.661782
          ]
        ],
        [
          [
            0.874065,
            -0.39666,
            -0.280485
          ],
          [
            0.226903,
            0.843839,
            -0.486262
          ],
          [
            0.429565,
            0.361381,
            0.827573
          ]
        ],
        [
          [
            0.986443,
            -0.114489,
            0.117569
          ],
          [
            0.054794,
            0.9051,
            0.421654
          ],
          [
            -0.154686,
            -0.409495,
            0.899103
          ]
        ],
        [
          [
            0.874234,
            0.024056,
            0.484908
          ],
          [
            0.117037,
            0.958875,
            -0.258574
          ],
          [
            -0.471186,
            0.282806,
            0.835466
          ]
        ],
        [
          [
            0.891086,
            0.020063,
            -0.453392
          ],
          [
            -0.199918,
            0.914225,
            -0.352457
          ],
          [
            0.40743,
            0.404711,
            0.818663
          ]
        ],
        [
          [
            0.990035,
            0.129317,
            -0.055752
          ],
          [
            -0.132393,
            0.989641,
            -0.055529
          ],
          [
            0.047993,
            0.062357,
            0.996899
          ]
        ],
        [
          [
            0.39379,
            0.548415,
            -0.737679
          ],
          [
            0.489898,
            0.55383,
            0.673255
          ],
          [
            0.777772,
            -0.626509,
            -0.050574
          ]
        ],
        [
          [
            0.614714,
            -0.481072,
            0.625058
          ],
          [
            -0.505754,
            0.367707,
            0.780388
          ],
          [
            -0.60526,
            -0.79584,
            -0.017269
          ]
        ],
        [
          [
            -0.022505,
            0.998632,
            0.047203
          ],
          [
            -0.999626,
            -0.021745,
            -0.016556
          ],
          [
            -0.015507,
            -0.047558,
            0.998748
          ]
        ],
        [
          [
            0.406226,
            -0.913588,
            0.018356
          ],
          [
            0.913772,
            0.406132,
            -0.00877
          ],
          [
            0.000557,
            0.020335,
            0.999793
          ]
        ],
        [
          [
            0.994763,
            0.063772,
            -0.079872
          ],
          [
            -0.067419,
            0.996762,
            -0.043823
          ],
          [
            0.076819,
            0.048979,
            0.995841
          ]
        ],
        [
          [
            0.995256,
            -0.06156,
            0.075339
          ],
          [
            0.063672,
            0.997633,
            -0.025955
          ],
          [
            -0.073563,
            0.030629,
            0.99682
          ]
        ],
        [
          [
            1.0,
            0.0,
            0.0
          ],
          [
            0.0,
            1.0,
            0.0
          ],
          [
            0.0,
            0.0,
            1.0
          ]
        ],
        [
          [
            1.0,
            0.0,
            0.0
          ],
          [
            0.0,
            1.0,
            0.0
          ],
          [
            0.0,
            0.0,
            1.0
          ]
        ]
      ]
    },
    {
      "time_sec": 0.166667,
      "root_offset": [
        0.018979,
        0.003793,
        -0.050627
      ],
      "local_rotation_matrices": [
        [
          [
            0.984081,
            0.168522,
            -0.056443
          ],
          [
            -0.17744,
            0.913739,
            -0.365507
          ],
          [
            -0.010021,
            0.369704,
            0.929096
          ]
        ],
        [
          [
            0.919927,
            -0.077643,
            0.384326
          ],
          [
            0.191904,
            0.943929,
            -0.268647
          ],
          [
            -0.341918,
            0.320889,
            0.883245
          ]
        ],
        [
          [
            0.968692,
            -0.04803,
            -0.243573
          ],
          [
            0.026405,
            0.995475,
            -0.091286
          ],
          [
            0.246855,
            0.081997,
            0.965577
          ]
        ],
        [
          [
            0.997951,
            -0.016627,
            -0.061777
          ],
          [
            0.047618,
            0.837924,
            0.543705
          ],
          [
            0.042724,
            -0.545533,
            0.837
          ]
        ],
        [
          [
            0.997276,
            0.053607,
            0.050667
          ],
          [
            -0.073674,
            0.757494,
            0.648672
          ],
          [
            -0.003606,
            -0.650637,
            0.75938
          ]
        ],
        [
          [
            0.995805,
            -0.085793,
            -0.031798
          ],
          [
            0.080418,
            0.654908,
            0.751418
          ],
          [
            -0.043642,
            -0.750823,
            0.65906
          ]
        ],
        [
          [
            0.93111,
            -0.348974,
            0.106075
          ],
          [
            0.361154,
            0.922782,
            -0.134315
          ],
          [
            -0.051011,
            0.163372,
            0.985245
          ]
        ],
        [
          [
            0.857677,
            0.11302,
            -0.501614
          ],
          [
            -0.182547,
            0.978924,
            -0.091563
          ],
          [
            0.480694,
            0.170099,
            0.860232
          ]
        ],
        [
          [
            0.928715,
            -0.025692,
            0.369904
          ],
          [
            0.10976,
            0.971937,
            -0.208067
          ],
          [
            -0.354178,
            0.233836,
            0.905472
          ]
        ],
        [
          [
            0.999609,
            -0.014575,
            0.023844
          ],
          [
            0.005432,
            0.938289,
            0.345809
          ],
          [
            -0.027412,
            -0.345544,
            0.938002
          ]
        ],
