{
  "format": "gf5_keyframed_motion",
  "version": 2,
  "name": "dodge_movebackward",
  "profile_name": "course_body_24",
  "joint_order": [
    "pelvis",
    "left_hip",
    "right_hip",
    "spine1",
    "left_knee",
    "right_knee",
    "spine2",
    "left_ankle",
    "right_ankle",
    "spine3",
    "left_foot",
    "right_foot",
    "neck",
    "left_collar",
    "right_collar",
    "head",
    "left_shoulder",
    "right_shoulder",
    "left_elbow",
    "right_elbow",
    "left_wrist",
    "right_wrist",
    "left_hand",
    "right_hand"
  ],
  "duration_sec": 2.0,
  "exported_at": "2026-06-03T10:53:37",
  "source_asset_name": "Azure",
  "tracks": {
    "head": [
      {
        "time_sec": 0.0,
        "part_name": "head",
        "local_rotation_matrices": [
          [
            0.877035,
            -0.283674,
            0.387735
          ],
          [
            0.358443,
            0.923747,
            -0.134948
          ],
          [
            -0.319888,
            0.257335,
            0.911839
          ]
        ]
      },
      {
        "time_sec": 0.033333,
        "part_name": "head",
        "local_rotation_matrices": [
          [
            0.875073,
            -0.292023,
            0.385966
          ],
          [
            0.367876,
            0.919526,
            -0.138343
          ],
          [
            -0.314507,
            0.263048,
            0.912081
          ]
        ]
      },
      {
        "time_sec": 0.066667,
        "part_name": "head",
        "local_rotation_matrices": [
          [
            0.873178,
            -0.301191,
            0.383201
          ],
          [
            0.377844,
            0.91494,
            -0.141841
          ],
          [
            -0.307885,
            0.268643,
            0.912709
          ]
        ]
      },
      {
        "time_sec": 0.1,
        "part_name": "head",
        "local_rotation_matrices": [
          [
            0.8721,
            -0.306432,
            0.381498
          ],
          [
            0.383199,
            0.912526,
            -0.143017
          ],
          [
            -0.304303,
            0.270915,
            0.913239
          ]
        ]
      },
      {
        "time_sec": 0.133333,
        "part_name": "head",
        "local_rotation_matrices": [
          [
            0.872339,
            -0.303852,
            0.383012
          ],
          [
            0.380091,
            0.914231,
            -0.140405
          ],
          [
            -0.307499,
            0.26806,
            0.91301
          ]
        ]
      },
      {
        "time_sec": 0.166667,
        "part_name": "head",
        "local_rotation_matrices": [
          [
            0.873901,
            -0.291155,
            0.389263
          ],
          [
            0.366159,
            0.920973,
            -0.133177
          ],
          [
            -0.319726,
            0.258916,
            0.911448
          ]
        ]
      },
      {
        "time_sec": 0.2,
        "part_name": "head",
        "local_rotation_matrices": [
          [
            0.87597,
            -0.269005,
            0.400391
          ],
          [
            0.34202,
            0.9317,
            -0.122298
          ],
          [
            -0.340146,
            0.244072,
            0.908146
          ]
        ]
      },
      {
        "time_sec": 0.233333,
        "part_name": "head",
        "local_rotation_matrices": [
          [
            0.87817,
            -0.240149,
            0.413698
          ],
          [
            0.310129,
            0.94429,
            -0.110167
          ],
          [
            -0.364194,
            0.225045,
            0.903724
          ]
        ]
      },
      {
        "time_sec": 0.266667,
        "part_name": "head",
        "local_rotation_matrices": [
          [
            0.880714,
            -0.206426,
            0.426299
          ],
          [
            0.272689,
            0.95689,
            -0.100011
          ],
          [
            -0.387276,
            0.204328,
            0.899037
          ]
        ]
      },
      {
        "time_sec": 0.3,
        "part_name": "head",
        "local_rotation_matrices": [
          [
            0.883065,
            -0.16877,
            0.43785
          ],
          [
            0.232166,
            0.968015,
            -0.095115
          ],
          [
            -0.407792,
            0.185646,
            0.894003
          ]
        ]
      },
      {
        "time_sec": 0.333333,
        "part_name": "head",
        "local_rotation_matrices": [
          [
            0.88457,
            -0.130636,
            0.447739
          ],
          [
            0.192724,
            0.976563,
            -0.095822
          ],
          [
            -0.424728,
            0.171052,
            0.889015
          ]
        ]
      },
      {
        "time_sec": 0.366667,
        "part_name": "head",
        "local_rotation_matrices": [
          [
            0.885661,
            -0.098339,
            0.453799
          ],
          [
            0.159636,
            0.982229,
            -0.098704
          ],
          [
            -0.436028,
            0.159861,
            0.885621
          ]
        ]
      },
      {
        "time_sec": 0.4,
        "part_name": "head",
        "local_rotation_matrices": [
          [
            0.886982,
            -0.076933,
            0.45535
          ],
          [
            0.136836,
            0.98553,
            -0.100036
          ],
          [
            -0.441065,
            0.151039,
            0.884674
          ]
        ]
      },
      {
        "time_sec": 0.433333,
        "part_name": "head",
        "local_rotation_matrices": [
          [
            0.888485,
            -0.069306,
            0.453643
          ],
          [
            0.127242,
            0.986976,
            -0.098423
          ],
          [
            -0.440914,
            0.145169,
            0.885732
          ]
        ]
      },
      {
        "time_sec": 0.466667,
        "part_name": "head",
        "local_rotation_matrices": [
          [
            0.889779,
            -0.077633,
            0.449741
          ],
          [
            0.133879,
            0.986473,
            -0.094589
          ],
          [
            -0.436314,
            0.144374,
            0.888137
          ]
        ]
      },
      {
        "time_sec": 0.5,
        "part_name": "head",
        "local_rotation_matrices": [
          [
            0.889601,
            -0.102637,
            0.445058
          ],
          [
            0.158127,
            0.983373,
            -0.089291
          ],
          [
            -0.428493,
            0.149809,
            0.891039
          ]
        ]
      },
      {
        "time_sec": 0.533333,
        "part_name": "head",
        "local_rotation_matrices": [
          [
            0.885545,
            -0.142734,
            0.442083
          ],
          [
            0.198681,
            0.976571,
            -0.082678
          ],
          [
            -0.419924,
            0.161048,
            0.893156
          ]
        ]
      },
      {
        "time_sec": 0.566667,
        "part_name": "head",
        "local_rotation_matrices": [
          [
            0.876277,
            -0.192542,
            0.441662
          ],
          [
            0.250798,
            0.964979,
            -0.076915
          ],
          [
            -0.411385,
            0.178167,
            0.893878
          ]
        ]
      },
      {
        "time_sec": 0.6,
        "part_name": "head",
        "local_rotation_matrices": [
          [
            0.863856,
            -0.242147,
            0.441722
          ],
          [
            0.304557,
            0.94953,
            -0.075086
          ],
          [
            -0.401246,
            0.199393,
            0.894005
          ]
        ]
      },
      {
        "time_sec": 0.633333,
        "part_name": "head",
        "local_rotation_matrices": [
          [
            0.854365,
            -0.280361,
            0.437559
          ],
          [
            0.346335,
            0.934929,
            -0.077199
          ],
          [
            -0.387443,
            0.217498,
            0.89587
          ]
        ]
      },
      {
        "time_sec": 0.666667,
        "part_name": "head",
        "local_rotation_matrices": [
          [
            0.852639,
            -0.301491,
            0.426743
          ],
          [
            0.368436,
            0.926038,
            -0.081901
          ],
          [
            -0.370488,
            0.22706,
            0.900657
          ]
        ]
      },
      {
        "time_sec": 0.7,
        "part_name": "head",
        "local_rotation_matrices": [
          [
            0.856937,
            -0.308228,
            0.413103
          ],
          [
            0.374941,
            0.922738,
            -0.089293
          ],
          [
            -0.353663,
            0.231408,
            0.906296
          ]
        ]
      },
      {
        "time_sec": 0.733333,
        "part_name": "head",
        "local_rotation_matrices": [
          [
            0.862413,
            -0.306511,
            0.402858
          ],
          [
            0.373803,
            0.922261,
            -0.098521
          ],
          [
            -0.341343,
            0.235556,
            0.909944
          ]
        ]
      },
      {
        "time_sec": 0.766667,
        "part_name": "head",
        "local_rotation_matrices": [
          [
            0.866388,
            -0.300171,
            0.399086
          ],
          [
            0.369385,
            0.923019,
            -0.107664
          ],
          [
            -0.336046,
            0.240695,
            0.910571
          ]
        ]
      },
      {
        "time_sec": 0.8,
        "part_name": "head",
        "local_rotation_matrices": [
          [
            0.869178,
            -0.290769,
            0.399979
          ],
          [
            0.362482,
            0.92482,
            -0.115389
          ],
          [
            -0.336357,
            0.245279,
            0.909232
          ]
        ]
      },
      {
        "time_sec": 0.833333,
        "part_name": "head",
        "local_rotation_matrices": [
          [
            0.872125,
            -0.279918,
            0.401304
          ],
          [
            0.352981,
            0.927921,
            -0.119865
          ],
          [
            -0.338826,
            0.24619,
            0.908068
          ]
        ]
      },
      {
        "time_sec": 0.866667,
        "part_name": "head",
        "local_rotation_matrices": [
          [
            0.876023,
            -0.268802,
            0.400412
          ],
          [
            0.34123,
            0.932192,
            -0.120751
          ],
          [
            -0.340802,
            0.242413,
            0.908345
          ]
        ]
      },
      {
        "time_sec": 0.9,
        "part_name": "head",
        "local_rotation_matrices": [
          [
            0.881203,
            -0.257468,
            0.396474
          ],
          [
            0.328278,
            0.93676,
            -0.121305
          ],
          [
            -0.340169,
            0.237048,
            0.909996
          ]
        ]
      },
      {
        "time_sec": 0.933333,
        "part_name": "head",
        "local_rotation_matrices": [
          [
            0.886977,
            -0.247316,
            0.390009
          ],
          [
            0.316409,
            0.940597,
            -0.123134
          ],
          [
            -0.336388,
            0.23262,
            0.912541
          ]
        ]
      },
      {
        "time_sec": 0.966667,
        "part_name": "head",
        "local_rotation_matrices": [
          [
            0.891432,
            -0.242288,
            0.382944
          ],
          [
            0.30968,
            0.942659,
            -0.124466
          ],
          [
            -0.330829,
            0.229543,
            0.915348
          ]
        ]
      },
      {
        "time_sec": 1.0,
        "part_name": "head",
        "local_rotation_matrices": [
          [
            0.893416,
            -0.244947,
            0.376574
          ],
          [
            0.310896,
            0.942226,
            -0.124714
          ],
          [
            -0.32427,
            0.228497,
            0.917953
          ]
        ]
      },
      {
        "time_sec": 1.033333,
        "part_name": "head",
        "local_rotation_matrices": [
          [
            0.893655,
            -0.252673,
            0.370861
          ],
          [
            0.317611,
            0.939955,
            -0.124934
          ],
          [
            -0.317025,
            0.229438,
            0.920246
          ]
        ]
      },
      {
        "time_sec": 1.066667,
        "part_name": "head",
        "local_rotation_matrices": [
          [
            0.893263,
            -0.260677,
            0.366236
          ],
          [
            0.324912,
            0.937414,
            -0.125247
          ],
          [
            -0.310666,
            0.230873,
            0.922054
          ]
        ]
      },
      {
        "time_sec": 1.1,
        "part_name": "head",
        "local_rotation_matrices": [
          [
            0.893112,
            -0.265237,
            0.363319
          ],
          [
            0.328869,
            0.936057,
            -0.12507
          ],
          [
            -0.306913,
            0.231186,
            0.923232
          ]
        ]
      },
      {
        "time_sec": 1.133333,
        "part_name": "head",
        "local_rotation_matrices": [
          [
            0.894171,
            -0.264497,
            0.361248
          ],
          [
            0.327322,
            0.936692,
            -0.124373
          ],
          [
            -0.305482,
            0.229455,
            0.924138
          ]
        ]
      },
      {
        "time_sec": 1.166667,
        "part_name": "head",
        "local_rotation_matrices": [
          [
            0.896318,
            -0.259231,
            0.35974
          ],
          [
            0.321111,
            0.938961,
            -0.123451
          ],
          [
            -0.305779,
            0.226168,
            0.92485
          ]
        ]
      },
      {
        "time_sec": 1.2,
        "part_name": "head",
        "local_rotation_matrices": [
          [
            0.898611,
            -0.25144,
            0.35955
          ],
          [
            0.312484,
            0.94203,
            -0.1222
          ],
          [
            -0.307981,
            0.222164,
            0.92509
          ]
        ]
      },
      {
        "time_sec": 1.233333,
        "part_name": "head",
        "local_rotation_matrices": [
          [
            0.900581,
            -0.242805,
            0.360554
          ],
          [
            0.303163,
            0.945268,
            -0.120665
          ],
          [
            -0.311522,
            0.217975,
            0.9249
          ]
        ]
      },
      {
        "time_sec": 1.266667,
        "part_name": "head",
        "local_rotation_matrices": [
          [
            0.901764,
            -0.235328,
            0.36255
          ],
          [
            0.29525,
            0.947975,
            -0.119046
          ],
          [
            -0.315673,
            0.214394,
            0.92433
          ]
        ]
      },
      {
        "time_sec": 1.3,
        "part_name": "head",
        "local_rotation_matrices": [
          [
            0.901652,
            -0.230874,
            0.365679
          ],
          [
            0.290763,
            0.949562,
            -0.117421
          ],
          [
            -0.320126,
            0.212199,
            0.923304
          ]
        ]
      },
      {
        "time_sec": 1.333333,
        "part_name": "head",
        "local_rotation_matrices": [
          [
            0.900211,
            -0.230231,
            0.369614
          ],
          [
            0.290416,
            0.949888,
            -0.115638
          ],
          [
            -0.324468,
            0.21144,
            0.921962
          ]
        ]
      },
      {
        "time_sec": 1.366667,
        "part_name": "head",
        "local_rotation_matrices": [
          [
            0.89799,
            -0.232915,
            0.373316
          ],
          [
            0.293534,
            0.949138,
            -0.113905
          ],
          [
            -0.327798,
            0.211866,
            0.920685
          ]
        ]
      },
      {
        "time_sec": 1.4,
        "part_name": "head",
        "local_rotation_matrices": [
          [
            0.896082,
            -0.237282,
            0.375145
          ],
          [
            0.298344,
            0.947723,
            -0.113191
          ],
          [
            -0.328676,
            0.213351,
            0.920029
          ]
        ]
      },
      {
        "time_sec": 1.433333,
        "part_name": "head",
        "local_rotation_matrices": [
          [
            0.895427,
            -0.241414,
            0.374071
          ],
          [
            0.302765,
            0.946213,
            -0.114083
          ],
          [
            -0.326409,
            0.215409,
            0.920357
          ]
        ]
      },
      {
        "time_sec": 1.466667,
        "part_name": "head",
        "local_rotation_matrices": [
          [
            0.896349,
            -0.244055,
            0.37013
          ],
          [
            0.305312,
            0.945139,
            -0.116176
          ],
          [
            -0.32147,
            0.21714,
            0.921687
          ]
        ]
      },
      {
        "time_sec": 1.5,
        "part_name": "head",
        "local_rotation_matrices": [
          [
            0.898615,
            -0.245424,
            0.363673
          ],
          [
            0.306121,
            0.944526,
            -0.118996
          ],
          [
            -0.314294,
            0.21826,
            0.923895
          ]
        ]
      },
      {
        "time_sec": 1.533333,
        "part_name": "head",
        "local_rotation_matrices": [
          [
            0.901556,
            -0.246413,
            0.355637
          ],
          [
            0.306185,
            0.944118,
            -0.122036
          ],
          [
            -0.305692,
            0.218913,
            0.926623
          ]
        ]
      },
      {
        "time_sec": 1.566667,
        "part_name": "head",
        "local_rotation_matrices": [
          [
            0.904402,
            -0.247323,
            0.347691
          ],
          [
            0.306079,
            0.943788,
            -0.124818
          ],
          [
            -0.297276,
            0.219306,
            0.929264
          ]
        ]
      },
      {
        "time_sec": 1.6,
        "part_name": "head",
        "local_rotation_matrices": [
          [
            0.906159,
            -0.248637,
            0.342135
          ],
          [
            0.306804,
            0.943247,
            -0.127105
          ],
          [
            -0.291115,
            0.220146,
            0.931014
          ]
        ]
      },
      {
        "time_sec": 1.633333,
        "part_name": "head",
        "local_rotation_matrices": [
          [
            0.906386,
            -0.251038,
            0.33977
          ],
          [
            0.309232,
            0.94223,
            -0.128759
          ],
          [
            -0.287819,
            0.221773,
            0.931653
          ]
        ]
      },
      {
        "time_sec": 1.666667,
        "part_name": "head",
        "local_rotation_matrices": [
          [
            0.905325,
            -0.254586,
            0.339961
          ],
          [
            0.313231,
            0.940791,
            -0.129611
          ],
          [
            -0.286835,
            0.223826,
            0.931465
          ]
        ]
      },
      {
        "time_sec": 1.7,
        "part_name": "head",
        "local_rotation_matrices": [
          [
            0.903384,
            -0.258672,
            0.342033
          ],
          [
            0.31801,
            0.93918,
            -0.129653
          ],
          [
            -0.287693,
            0.225896,
            0.930701
          ]
        ]
      },
      {
        "time_sec": 1.733333,
        "part_name": "head",
        "local_rotation_matrices": [
          [
            0.900809,
            -0.262606,
            0.345804
          ],
          [
            0.322888,
            0.93759,
            -0.129102
          ],
          [
            -0.29032,
            0.227953,
            0.929383
          ]
        ]
      },
      {
        "time_sec": 1.766667,
        "part_name": "head",
        "local_rotation_matrices": [
          [
            0.897959,
            -0.26585,
            0.350706
          ],
          [
            0.327293,
            0.936164,
            -0.12836
          ],
          [
            -0.294193,
            0.230046,
            0.927647
          ]
        ]
      },
      {
        "time_sec": 1.8,
        "part_name": "head",
        "local_rotation_matrices": [
          [
            0.895111,
            -0.268285,
            0.35609
          ],
          [
            0.331058,
            0.934915,
            -0.127805
          ],
          [
            -0.298626,
            0.232286,
            0.92567
          ]
        ]
      },
      {
        "time_sec": 1.833333,
        "part_name": "head",
        "local_rotation_matrices": [
          [
            0.891783,
            -0.270493,
            0.362707
          ],
          [
            0.335,
            0.933559,
            -0.127447
          ],
          [
            -0.304135,
            0.235162,
            0.923147
          ]
        ]
      },
      {
        "time_sec": 1.866667,
        "part_name": "head",
        "local_rotation_matrices": [
          [
            0.887859,
            -0.272935,
            0.370422
          ],
          [
            0.339567,
            0.931937,
            -0.127232
          ],
          [
            -0.310483,
            0.238748,
            0.920109
          ]
        ]
      },
      {
        "time_sec": 1.9,
        "part_name": "head",
        "local_rotation_matrices": [
          [
            0.883987,
            -0.275592,
            0.377647
          ],
          [
            0.344353,
            0.930177,
            -0.127247
          ],
          [
            -0.31621,
            0.242528,
            0.917165
          ]
        ]
      },
      {
        "time_sec": 1.933333,
        "part_name": "head",
        "local_rotation_matrices": [
          [
            0.880293,
            -0.278643,
            0.383981
          ],
          [
            0.349348,
            0.928312,
            -0.127248
          ],
          [
            -0.320998,
            0.246159,
            0.914531
          ]
        ]
      },
      {
        "time_sec": 1.966667,
        "part_name": "head",
        "local_rotation_matrices": [
          [
            0.877035,
            -0.281498,
            0.389318
          ],
          [
            0.353783,
            0.926673,
            -0.126948
          ],
          [
            -0.325035,
            0.249072,
            0.912313
          ]
        ]
      },
      {
        "time_sec": 2.0,
        "part_name": "head",
        "local_rotation_matrices": [
          [
            0.875092,
            -0.283017,
            0.392575
          ],
          [
            0.356185,
            0.925808,
            -0.126536
          ],
          [
            -0.327637,
            0.25056,
            0.910974
          ]
        ]
      }
    ],
    "left_ankle": [
      {
        "time_sec": 0.0,
        "part_name": "left_ankle",
        "local_rotation_matrices": [
          [
            0.967377,
            -0.052895,
            -0.247757
          ],
          [
            0.099064,
            0.979073,
            0.177771
          ],
          [
            0.233169,
            -0.196516,
            0.952373
          ]
        ]
      },
      {
        "time_sec": 0.033333,
        "part_name": "left_ankle",
        "local_rotation_matrices": [
          [
            0.964785,
            -0.092164,
            -0.246366
          ],
          [
            0.133146,
            0.978866,
            0.155219
          ],
          [
            0.226854,
            -0.182556,
            0.956666
          ]
        ]
      },
      {
        "time_sec": 0.066667,
        "part_name": "left_ankle",
        "local_rotation_matrices": [
          [
            0.960812,
            -0.124903,
            -0.247467
          ],
          [
            0.16059,
            0.97847,
            0.129646
          ],
          [
            0.225946,
            -0.164306,
            0.960183
          ]
        ]
      },
      {
        "time_sec": 0.1,
        "part_name": "left_ankle",
        "local_rotation_matrices": [
          [
            0.958902,
            -0.129763,
            -0.252328
          ],
          [
            0.162012,
            0.980474,
            0.111461
          ],
          [
            0.232937,
            -0.147761,
            0.961201
          ]
        ]
      },
      {
        "time_sec": 0.133333,
        "part_name": "left_ankle",
        "local_rotation_matrices": [
          [
            0.959394,
            -0.10883,
            -0.260228
          ],
          [
            0.140471,
            0.984372,
            0.106204
          ],
          [
            0.244603,
            -0.138446,
            0.959689
          ]
        ]
      },
      {
        "time_sec": 0.166667,
        "part_name": "left_ankle",
        "local_rotation_matrices": [
          [
            0.961253,
            -0.070171,
            -0.266585
          ],
          [
            0.104067,
            0.987875,
            0.115213
          ],
          [
            0.255268,
            -0.138491,
            0.9569
          ]
        ]
      },
      {
        "time_sec": 0.2,
        "part_name": "left_ankle",
        "local_rotation_matrices": [
          [
            0.96448,
            -0.02198,
            -0.26324
          ],
          [
            0.059546,
            0.988973,
            0.135594
          ],
          [
            0.257357,
            -0.146453,
            0.955154
          ]
        ]
      },
      {
        "time_sec": 0.233333,
        "part_name": "left_ankle",
        "local_rotation_matrices": [
          [
            0.968628,
            0.025108,
            -0.247245
          ],
          [
            0.015697,
            0.986715,
            0.161701
          ],
          [
            0.24802,
            -0.160509,
            0.955365
          ]
        ]
      },
      {
        "time_sec": 0.266667,
        "part_name": "left_ankle",
        "local_rotation_matrices": [
          [
            0.972713,
            0.061593,
            -0.223687
          ],
          [
            -0.01918,
            0.982166,
            0.187037
          ],
          [
            0.231218,
            -0.177643,
            0.956546
          ]
        ]
      },
      {
        "time_sec": 0.3,
        "part_name": "left_ankle",
        "local_rotation_matrices": [
          [
            0.97631,
            0.083158,
            -0.199759
          ],
          [
            -0.041133,
            0.977693,
            0.205972
          ],
          [
            0.212431,
            -0.192876,
            0.957952
          ]
        ]
      },
      {
        "time_sec": 0.333333,
        "part_name": "left_ankle",
        "local_rotation_matrices": [
          [
            0.978459,
            0.097792,
            -0.181808
          ],
          [
            -0.05738,
            0.97481,
            0.215528
          ],
          [
            0.198305,
            -0.200453,
            0.959424
          ]
        ]
      },
      {
        "time_sec": 0.366667,
        "part_name": "left_ankle",
        "local_rotation_matrices": [
          [
            0.97781,
            0.119315,
            -0.172195
          ],
          [
            -0.081224,
            0.973589,
            0.213371
          ],
          [
            0.193105,
            -0.19465,
            0.961676
          ]
        ]
      },
      {
        "time_sec": 0.4,
        "part_name": "left_ankle",
        "local_rotation_matrices": [
          [
            0.974482,
            0.149049,
            -0.167839
          ],
          [
            -0.114418,
            0.973121,
            0.19986
          ],
          [
            0.193116,
            -0.175556,
            0.965343
          ]
        ]
      },
      {
        "time_sec": 0.433333,
        "part_name": "left_ankle",
        "local_rotation_matrices": [
          [
            0.971007,
            0.172881,
            -0.1651
          ],
          [
            -0.142304,
            0.972968,
            0.181887
          ],
          [
            0.192081,
            -0.153119,
            0.96936
          ]
        ]
      },
      {
        "time_sec": 0.466667,
        "part_name": "left_ankle",
        "local_rotation_matrices": [
          [
            0.970671,
            0.174265,
            -0.16562
          ],
          [
            -0.146646,
            0.975075,
            0.166505
          ],
          [
            0.190508,
            -0.137334,
            0.972032
          ]
        ]
      },
      {
        "time_sec": 0.5,
        "part_name": "left_ankle",
        "local_rotation_matrices": [
          [
            0.973774,
            0.145093,
            -0.175248
          ],
          [
            -0.117667,
            0.98042,
            0.157895
          ],
          [
            0.194726,
            -0.133133,
            0.97178
          ]
        ]
      },
      {
        "time_sec": 0.533333,
        "part_name": "left_ankle",
        "local_rotation_matrices": [
          [
            0.97617,
            0.088863,
            -0.19798
          ],
          [
            -0.057478,
            0.985607,
            0.158982
          ],
          [
            0.209258,
            -0.143814,
            0.967227
          ]
        ]
      },
      {
        "time_sec": 0.566667,
        "part_name": "left_ankle",
        "local_rotation_matrices": [
          [
            0.972605,
            0.018699,
            -0.23171
          ],
          [
            0.021612,
            0.985169,
            0.170219
          ],
          [
            0.231456,
            -0.170564,
            0.957777
          ]
        ]
      },
      {
        "time_sec": 0.6,
        "part_name": "left_ankle",
        "local_rotation_matrices": [
          [
            0.961366,
            -0.048626,
            -0.270943
          ],
          [
            0.102523,
            0.97671,
            0.188483
          ],
          [
            0.255468,
            -0.208979,
            0.943962
          ]
        ]
      },
      {
        "time_sec": 0.633333,
        "part_name": "left_ankle",
        "local_rotation_matrices": [
          [
            0.945289,
            -0.099663,
            -0.310637
          ],
          [
            0.16978,
            0.963374,
            0.207571
          ],
          [
            0.278572,
            -0.248955,
            0.927588
          ]
        ]
      },
      {
        "time_sec": 0.666667,
        "part_name": "left_ankle",
        "local_rotation_matrices": [
          [
            0.93015,
            -0.128309,
            -0.344031
          ],
          [
            0.213163,
            0.951597,
            0.221417
          ],
          [
            0.298969,
            -0.279286,
            0.912479
          ]
        ]
      },
      {
        "time_sec": 0.7,
        "part_name": "left_ankle",
        "local_rotation_matrices": [
          [
            0.921502,
            -0.134918,
            -0.364187
          ],
          [
            0.228263,
            0.946811,
            0.226816
          ],
          [
            0.314214,
            -0.292141,
            0.903284
          ]
        ]
      },
      {
        "time_sec": 0.733333,
        "part_name": "left_ankle",
        "local_rotation_matrices": [
          [
            0.921313,
            -0.122081,
            -0.369159
          ],
          [
            0.215589,
            0.950512,
            0.223714
          ],
          [
            0.323579,
            -0.285697,
            0.902038
          ]
        ]
      },
      {
        "time_sec": 0.766667,
        "part_name": "left_ankle",
        "local_rotation_matrices": [
          [
            0.928367,
            -0.089996,
            -0.360603
          ],
          [
            0.176408,
            0.960683,
            0.214401
          ],
          [
            0.32713,
            -0.262656,
            0.907743
          ]
        ]
      },
      {
        "time_sec": 0.8,
        "part_name": "left_ankle",
        "local_rotation_matrices": [
          [
            0.939287,
            -0.040579,
            -0.340725
          ],
          [
            0.114936,
            0.972828,
            0.200988
          ],
          [
            0.323311,
            -0.227947,
            0.918428
          ]
        ]
      },
      {
        "time_sec": 0.833333,
        "part_name": "left_ankle",
        "local_rotation_matrices": [
          [
            0.94822,
            0.013823,
            -0.317313
          ],
          [
            0.049052,
            0.980693,
            0.189303
          ],
          [
            0.313803,
            -0.195065,
            0.929235
          ]
        ]
      },
      {
        "time_sec": 0.866667,
        "part_name": "left_ankle",
        "local_rotation_matrices": [
          [
            0.953097,
            0.05255,
            -0.298067
          ],
          [
            0.002981,
            0.983134,
            0.182862
          ],
          [
            0.302649,
            -0.175174,
            0.936866
          ]
        ]
      },
      {
        "time_sec": 0.9,
        "part_name": "left_ankle",
        "local_rotation_matrices": [
          [
            0.957881,
            0.061183,
            -0.280571
          ],
          [
            -0.011279,
            0.984301,
            0.176135
          ],
          [
            0.286943,
            -0.165552,
            0.943534
          ]
        ]
      },
      {
        "time_sec": 0.933333,
        "part_name": "left_ankle",
        "local_rotation_matrices": [
          [
            0.964464,
            0.038317,
            -0.261422
          ],
          [
            0.00557,
            0.98626,
            0.165107
          ],
          [
            0.264157,
            -0.160696,
            0.950998
          ]
        ]
      },
      {
        "time_sec": 0.966667,
        "part_name": "left_ankle",
        "local_rotation_matrices": [
          [
            0.969528,
            -0.001239,
            -0.244977
          ],
          [
            0.040465,
            0.987061,
            0.155153
          ],
          [
            0.241615,
            -0.160339,
            0.957034
          ]
        ]
      },
      {
        "time_sec": 1.0,
        "part_name": "left_ankle",
        "local_rotation_matrices": [
          [
            0.970947,
            -0.02925,
            -0.237501
          ],
          [
            0.067282,
            0.985832,
            0.153647
          ],
          [
            0.229642,
            -0.165163,
            0.959159
          ]
        ]
      },
      {
        "time_sec": 1.033333,
        "part_name": "left_ankle",
        "local_rotation_matrices": [
          [
            0.971217,
            -0.026555,
            -0.236711
          ],
          [
            0.066121,
            0.984767,
            0.160815
          ],
          [
            0.228835,
            -0.171838,
            0.958179
          ]
        ]
      },
      {
        "time_sec": 1.066667,
        "part_name": "left_ankle",
        "local_rotation_matrices": [
          [
            0.971275,
            -0.001487,
            -0.237957
          ],
          [
            0.04367,
            0.984111,
            0.172101
          ],
          [
            0.23392,
            -0.177549,
            0.955907
          ]
        ]
      },
      {
        "time_sec": 1.1,
        "part_name": "left_ankle",
        "local_rotation_matrices": [
          [
            0.970225,
            0.02115,
            -0.241282
          ],
          [
            0.024024,
            0.982865,
            0.182757
          ],
          [
            0.241013,
            -0.183112,
            0.953091
          ]
        ]
      },
      {
        "time_sec": 1.133333,
        "part_name": "left_ankle",
        "local_rotation_matrices": [
          [
            0.968672,
            0.027928,
            -0.24677
          ],
          [
            0.020164,
            0.981531,
            0.190239
          ],
          [
            0.247525,
            -0.189255,
            0.950218
          ]
        ]
      },
      {
        "time_sec": 1.166667,
        "part_name": "left_ankle",
        "local_rotation_matrices": [
          [
            0.967625,
            0.021962,
            -0.251435
          ],
          [
            0.028267,
            0.98051,
            0.194426
          ],
          [
            0.250805,
            -0.195239,
            0.948145
          ]
        ]
      },
      {
        "time_sec": 1.2,
        "part_name": "left_ankle",
        "local_rotation_matrices": [
          [
            0.967517,
            0.012746,
            -0.252483
          ],
          [
            0.038505,
            0.979645,
            0.197008
          ],
          [
            0.249855,
            -0.200331,
            0.947333
          ]
        ]
      },
      {
        "time_sec": 1.233333,
        "part_name": "left_ankle",
        "local_rotation_matrices": [
          [
            0.967718,
            0.00503,
            -0.251987
          ],
          [
            0.046869,
            0.97877,
            0.199531
          ],
          [
            0.247641,
            -0.2049,
            0.946937
          ]
        ]
      },
      {
        "time_sec": 1.266667,
        "part_name": "left_ankle",
        "local_rotation_matrices": [
          [
            0.967355,
            -0.000678,
            -0.253425
          ],
          [
            0.053763,
