{
  "format": "gf5_keyframed_motion",
  "version": 2,
  "name": "HY-Motion: Two person boxing_2(modified)",
  "profile_name": "course_body_24",
  "joint_order": [
    "pelvis",
    "left_hip",
    "right_hip",
    "spine1",
    "left_knee",
    "right_knee",
    "spine2",
    "left_ankle",
    "right_ankle",
    "spine3",
    "left_foot",
    "right_foot",
    "neck",
    "left_collar",
    "right_collar",
    "head",
    "left_shoulder",
    "right_shoulder",
    "left_elbow",
    "right_elbow",
    "left_wrist",
    "right_wrist",
    "left_hand",
    "right_hand"
  ],
  "duration_sec": 2.966667,
  "exported_at": "2026-05-30T00:54:16",
  "source_asset_name": "Azure",
  "tracks": {
    "head": [
      {
        "time_sec": 0.0,
        "part_name": "head",
        "local_rotation_matrices": [
          [
            0.905291,
            0.403912,
            0.131546
          ],
          [
            -0.422543,
            0.888061,
            0.181122
          ],
          [
            -0.043664,
            -0.219552,
            0.974623
          ]
        ]
      },
      {
        "time_sec": 0.033333,
        "part_name": "head",
        "local_rotation_matrices": [
          [
            0.906293,
            0.398974,
            0.139476
          ],
          [
            -0.419308,
            0.89018,
            0.178218
          ],
          [
            -0.053054,
            -0.220001,
            0.974056
          ]
        ]
      },
      {
        "time_sec": 0.066667,
        "part_name": "head",
        "local_rotation_matrices": [
          [
            0.91014,
            0.385919,
            0.150703
          ],
          [
            -0.408813,
            0.895571,
            0.175568
          ],
          [
            -0.06721,
            -0.221401,
            0.972864
          ]
        ]
      },
      {
        "time_sec": 0.1,
        "part_name": "head",
        "local_rotation_matrices": [
          [
            0.918404,
            0.361461,
            0.160873
          ],
          [
            -0.38684,
            0.905687,
            0.173455
          ],
          [
            -0.083003,
            -0.221534,
            0.971614
          ]
        ]
      },
      {
        "time_sec": 0.133333,
        "part_name": "head",
        "local_rotation_matrices": [
          [
            0.930927,
            0.326964,
            0.162697
          ],
          [
            -0.352739,
            0.920402,
            0.168631
          ],
          [
            -0.09461,
            -0.214372,
            0.972159
          ]
        ]
      },
      {
        "time_sec": 0.166667,
        "part_name": "head",
        "local_rotation_matrices": [
          [
            0.945859,
            0.287576,
            0.150504
          ],
          [
            -0.310125,
            0.93754,
            0.157611
          ],
          [
            -0.095778,
            -0.195753,
            0.975965
          ]
        ]
      },
      {
        "time_sec": 0.2,
        "part_name": "head",
        "local_rotation_matrices": [
          [
            0.959231,
            0.252401,
            0.127162
          ],
          [
            -0.269095,
            0.953185,
            0.137931
          ],
          [
            -0.086395,
            -0.166527,
            0.982245
          ]
        ]
      },
      {
        "time_sec": 0.233333,
        "part_name": "head",
        "local_rotation_matrices": [
          [
            0.96667,
            0.232661,
            0.106854
          ],
          [
            -0.244593,
            0.962551,
            0.116914
          ],
          [
            -0.075651,
            -0.139153,
            0.987377
          ]
        ]
      },
      {
        "time_sec": 0.266667,
        "part_name": "head",
        "local_rotation_matrices": [
          [
            0.966164,
            0.236643,
            0.102599
          ],
          [
            -0.247323,
            0.962878,
            0.10815
          ],
          [
            -0.073197,
            -0.129866,
            0.988826
          ]
        ]
      },
      {
        "time_sec": 0.3,
        "part_name": "head",
        "local_rotation_matrices": [
          [
            0.957453,
            0.265058,
            0.114139
          ],
          [
            -0.277614,
            0.953977,
            0.113394
          ],
          [
            -0.07883,
            -0.140256,
            0.986972
          ]
        ]
      },
      {
        "time_sec": 0.333333,
        "part_name": "head",
        "local_rotation_matrices": [
          [
            0.942408,
            0.30955,
            0.126672
          ],
          [
            -0.324273,
            0.93841,
            0.119304
          ],
          [
            -0.08194,
            -0.153509,
            0.984744
          ]
        ]
      },
      {
        "time_sec": 0.366667,
        "part_name": "head",
        "local_rotation_matrices": [
          [
            0.925913,
            0.356067,
            0.1261
          ],
          [
            -0.370031,
            0.922076,
            0.113374
          ],
          [
            -0.075905,
            -0.151635,
            0.985518
          ]
        ]
      },
      {
        "time_sec": 0.4,
        "part_name": "head",
        "local_rotation_matrices": [
          [
            0.911839,
            0.393936,
            0.1156
          ],
          [
            -0.405177,
            0.908894,
            0.098708
          ],
          [
            -0.066184,
            -0.136845,
            0.988379
          ]
        ]
      },
      {
        "time_sec": 0.433333,
        "part_name": "head",
        "local_rotation_matrices": [
          [
            0.900611,
            0.42149,
            0.106043
          ],
          [
            -0.430692,
            0.898241,
            0.087568
          ],
          [
            -0.058343,
            -0.124537,
            0.990498
          ]
        ]
      },
      {
        "time_sec": 0.466667,
        "part_name": "head",
        "local_rotation_matrices": [
          [
            0.891398,
            0.441563,
            0.102134
          ],
          [
            -0.450199,
            0.888659,
            0.087212
          ],
          [
            -0.052253,
            -0.123721,
            0.99094
          ]
        ]
      },
      {
        "time_sec": 0.5,
        "part_name": "head",
        "local_rotation_matrices": [
          [
            0.883993,
            0.456075,
            0.102724
          ],
          [
            -0.465127,
            0.880123,
            0.09508
          ],
          [
            -0.047046,
            -0.13183,
            0.990155
          ]
        ]
      },
      {
        "time_sec": 0.533333,
        "part_name": "head",
        "local_rotation_matrices": [
          [
            0.878415,
            0.466282,
            0.104731
          ],
          [
            -0.475989,
            0.873209,
            0.104593
          ],
          [
            -0.042683,
            -0.141728,
            0.988985
          ]
        ]
      },
      {
        "time_sec": 0.566667,
        "part_name": "head",
        "local_rotation_matrices": [
          [
            0.874335,
            0.473613,
            0.105964
          ],
          [
            -0.483714,
            0.868172,
            0.110898
          ],
          [
            -0.039472,
            -0.148219,
            0.988167
          ]
        ]
      },
      {
        "time_sec": 0.6,
        "part_name": "head",
        "local_rotation_matrices": [
          [
            0.871344,
            0.479184,
            0.105558
          ],
          [
            -0.489308,
            0.864612,
            0.114121
          ],
          [
            -0.036582,
            -0.151089,
            0.987843
          ]
        ]
      },
      {
        "time_sec": 0.633333,
        "part_name": "head",
        "local_rotation_matrices": [
          [
            0.869455,
            0.482851,
            0.104417
          ],
          [
            -0.492864,
            0.862235,
            0.116771
          ],
          [
            -0.033649,
            -0.152991,
            0.987655
          ]
        ]
      },
      {
        "time_sec": 0.666667,
        "part_name": "head",
        "local_rotation_matrices": [
          [
            0.869215,
            0.48303,
            0.10558
          ],
          [
            -0.493373,
            0.861325,
            0.121249
          ],
          [
            -0.032372,
            -0.157482,
            0.986991
          ]
        ]
      },
      {
        "time_sec": 0.7,
        "part_name": "head",
        "local_rotation_matrices": [
          [
            0.870541,
            0.479872,
            0.109004
          ],
          [
            -0.490945,
            0.862074,
            0.125703
          ],
          [
            -0.033649,
            -0.162944,
            0.986061
          ]
        ]
      },
      {
        "time_sec": 0.733333,
        "part_name": "head",
        "local_rotation_matrices": [
          [
            0.872545,
            0.475281,
            0.113019
          ],
          [
            -0.487173,
            0.863765,
            0.128732
          ],
          [
            -0.036438,
            -0.167384,
            0.985218
          ]
        ]
      },
      {
        "time_sec": 0.766667,
        "part_name": "head",
        "local_rotation_matrices": [
          [
            0.874424,
            0.470816,
            0.117113
          ],
          [
            -0.48353,
            0.8655,
            0.130799
          ],
          [
            -0.039779,
            -0.171002,
            0.984467
          ]
        ]
      },
      {
        "time_sec": 0.8,
        "part_name": "head",
        "local_rotation_matrices": [
          [
            0.875749,
            0.467331,
            0.121099
          ],
          [
            -0.480833,
            0.86678,
            0.132256
          ],
          [
            -0.043159,
            -0.174052,
            0.98379
          ]
        ]
      },
      {
        "time_sec": 0.833333,
        "part_name": "head",
        "local_rotation_matrices": [
          [
            0.876288,
            0.465334,
            0.124837
          ],
          [
            -0.479543,
            0.867401,
            0.132865
          ],
          [
            -0.046457,
            -0.176292,
            0.983241
          ]
        ]
      },
      {
        "time_sec": 0.866667,
        "part_name": "head",
        "local_rotation_matrices": [
          [
            0.876029,
            0.464855,
            0.128386
          ],
          [
            -0.47967,
            0.867428,
            0.132232
          ],
          [
            -0.049897,
            -0.177422,
            0.982869
          ]
        ]
      },
      {
        "time_sec": 0.9,
        "part_name": "head",
        "local_rotation_matrices": [
          [
            0.875266,
            0.465388,
            0.131617
          ],
          [
            -0.480677,
            0.867155,
            0.130356
          ],
          [
            -0.053466,
            -0.177361,
            0.982692
          ]
        ]
      },
      {
        "time_sec": 0.933333,
        "part_name": "head",
        "local_rotation_matrices": [
          [
            0.874212,
            0.466472,
            0.13475
          ],
          [
            -0.482136,
            0.866801,
            0.127281
          ],
          [
            -0.057428,
            -0.176238,
            0.982671
          ]
        ]
      },
      {
        "time_sec": 0.966667,
        "part_name": "head",
        "local_rotation_matrices": [
          [
            0.872776,
            0.468099,
            0.138368
          ],
          [
            -0.484094,
            0.866407,
            0.122439
          ],
          [
            -0.062569,
            -0.173845,
            0.982783
          ]
        ]
      },
      {
        "time_sec": 1.0,
        "part_name": "head",
        "local_rotation_matrices": [
          [
            0.871016,
            0.470044,
            0.142795
          ],
          [
            -0.486301,
            0.866179,
            0.115085
          ],
          [
            -0.069591,
            -0.169682,
            0.983039
          ]
        ]
      },
      {
        "time_sec": 1.033333,
        "part_name": "head",
        "local_rotation_matrices": [
          [
            0.869787,
            0.470549,
            0.148508
          ],
          [
            -0.487086,
            0.866894,
            0.106023
          ],
          [
            -0.078851,
            -0.164554,
            0.983211
          ]
        ]
      },
      {
        "time_sec": 1.066667,
        "part_name": "head",
        "local_rotation_matrices": [
          [
            0.870438,
            0.467175,
            0.155198
          ],
          [
            -0.483925,
            0.869865,
            0.095668
          ],
          [
            -0.090308,
            -0.158378,
            0.98324
          ]
        ]
      },
      {
        "time_sec": 1.1,
        "part_name": "head",
        "local_rotation_matrices": [
          [
            0.873754,
            0.459423,
            0.15964
          ],
          [
            -0.475486,
            0.875923,
            0.081678
          ],
          [
            -0.102308,
            -0.147273,
            0.98379
          ]
        ]
      },
      {
        "time_sec": 1.133333,
        "part_name": "head",
        "local_rotation_matrices": [
          [
            0.881123,
            0.446785,
            0.154936
          ],
          [
            -0.459986,
            0.885784,
            0.061636
          ],
          [
            -0.109702,
            -0.125577,
            0.986
          ]
        ]
      },
      {
        "time_sec": 1.166667,
        "part_name": "head",
        "local_rotation_matrices": [
          [
            0.893764,
            0.427849,
            0.134651
          ],
          [
            -0.436129,
            0.899078,
            0.038072
          ],
          [
            -0.104772,
            -0.092753,
            0.990161
          ]
        ]
      },
      {
        "time_sec": 1.2,
        "part_name": "head",
        "local_rotation_matrices": [
          [
            0.90924,
            0.404205,
            0.099505
          ],
          [
            -0.408202,
            0.912606,
            0.02285
          ],
          [
            -0.081573,
            -0.061394,
            0.994775
          ]
        ]
      },
      {
        "time_sec": 1.233333,
        "part_name": "head",
        "local_rotation_matrices": [
          [
            0.925284,
            0.375178,
            0.0556
          ],
          [
            -0.377057,
            0.925766,
            0.028022
          ],
          [
            -0.04096,
            -0.046892,
            0.99806
          ]
        ]
      },
      {
        "time_sec": 1.266667,
        "part_name": "head",
        "local_rotation_matrices": [
          [
            0.943829,
            0.330313,
            0.008946
          ],
          [
            -0.330316,
            0.942419,
            0.052328
          ],
          [
            0.008854,
            -0.052344,
            0.99859
          ]
        ]
      },
      {
        "time_sec": 1.3,
        "part_name": "head",
        "local_rotation_matrices": [
          [
            0.962938,
            0.266482,
            -0.041678
          ],
          [
            -0.262692,
            0.961627,
            0.079162
          ],
          [
            0.061174,
            -0.06528,
            0.99599
          ]
        ]
      },
      {
        "time_sec": 1.333333,
        "part_name": "head",
        "local_rotation_matrices": [
          [
            0.975258,
            0.198245,
            -0.097833
          ],
          [
            -0.189488,
            0.977566,
            0.091974
          ],
          [
            0.113872,
            -0.07116,
            0.990944
          ]
        ]
      },
      {
        "time_sec": 1.366667,
        "part_name": "head",
        "local_rotation_matrices": [
          [
            0.980661,
            0.134323,
            -0.142342
          ],
          [
            -0.12253,
            0.988498,
            0.088645
          ],
          [
            0.152612,
            -0.069489,
            0.98584
          ]
        ]
      },
      {
        "time_sec": 1.4,
        "part_name": "head",
        "local_rotation_matrices": [
          [
            0.984773,
            0.074076,
            -0.157275
          ],
          [
            -0.063785,
            0.99554,
            0.069507
          ],
          [
            0.161723,
            -0.058417,
            0.985106
          ]
        ]
      },
      {
        "time_sec": 1.433333,
        "part_name": "head",
        "local_rotation_matrices": [
          [
            0.989428,
            0.018377,
            -0.143856
          ],
          [
            -0.012771,
            0.999126,
            0.039797
          ],
          [
            0.144462,
            -0.037539,
            0.988798
          ]
        ]
      },
      {
        "time_sec": 1.466667,
        "part_name": "head",
        "local_rotation_matrices": [
          [
            0.992226,
            -0.023833,
            -0.122145
          ],
          [
            0.025639,
            0.999584,
            0.013233
          ],
          [
            0.121778,
            -0.016262,
            0.992424
          ]
        ]
      },
      {
        "time_sec": 1.5,
        "part_name": "head",
        "local_rotation_matrices": [
          [
            0.992504,
            -0.041264,
            -0.115034
          ],
          [
            0.041566,
            0.999136,
            0.000229
          ],
          [
            0.114925,
            -0.005009,
            0.993362
          ]
        ]
      },
      {
        "time_sec": 1.533333,
        "part_name": "head",
        "local_rotation_matrices": [
          [
            0.991524,
            -0.032194,
            -0.125869
          ],
          [
            0.032994,
            0.999446,
            0.004272
          ],
          [
            0.125662,
            -0.008389,
            0.992038
          ]
        ]
      },
      {
        "time_sec": 1.566667,
        "part_name": "head",
        "local_rotation_matrices": [
          [
            0.990285,
            -0.004233,
            -0.138987
          ],
          [
            0.006976,
            0.99979,
            0.019255
          ],
          [
            0.138876,
            -0.020038,
            0.990107
          ]
        ]
      },
      {
        "time_sec": 1.6,
        "part_name": "head",
        "local_rotation_matrices": [
          [
            0.989839,
            0.035185,
            -0.137769
          ],
          [
            -0.030812,
            0.998955,
            0.033745
          ],
          [
            0.138812,
            -0.029157,
            0.989889
          ]
        ]
      },
      {
        "time_sec": 1.633333,
        "part_name": "head",
        "local_rotation_matrices": [
          [
            0.990086,
            0.08035,
            -0.115208
          ],
          [
            -0.076481,
            0.996361,
            0.037627
          ],
          [
            0.117812,
            -0.028443,
            0.992628
          ]
        ]
      },
      {
        "time_sec": 1.666667,
        "part_name": "head",
        "local_rotation_matrices": [
          [
            0.988403,
            0.127373,
            -0.082675
          ],
          [
            -0.125766,
            0.99176,
            0.02438
          ],
          [
            0.085099,
            -0.0137,
            0.996278
          ]
        ]
      },
      {
        "time_sec": 1.7,
        "part_name": "head",
        "local_rotation_matrices": [
          [
            0.982462,
            0.175685,
            -0.062479
          ],
          [
            -0.176318,
            0.984322,
            -0.004724
          ],
          [
            0.06067,
            0.015657,
            0.998035
          ]
        ]
      },
      {
        "time_sec": 1.733333,
        "part_name": "head",
        "local_rotation_matrices": [
          [
            0.974547,
            0.216653,
            -0.057624
          ],
          [
            -0.218887,
            0.975096,
            -0.035722
          ],
          [
            0.048449,
            0.047426,
            0.997699
          ]
        ]
      },
      {
        "time_sec": 1.766667,
        "part_name": "head",
        "local_rotation_matrices": [
          [
            0.970451,
            0.235793,
            -0.051245
          ],
          [
            -0.238443,
            0.969664,
            -0.053817
          ],
          [
            0.037,
            0.064446,
            0.997235
          ]
        ]
      },
      {
        "time_sec": 1.8,
        "part_name": "head",
        "local_rotation_matrices": [
          [
            0.971663,
            0.232651,
            -0.041768
          ],
          [
            -0.234926,
            0.970033,
            -0.062019
          ],
          [
            0.026087,
            0.070074,
            0.997201
          ]
        ]
      },
      {
        "time_sec": 1.833333,
        "part_name": "head",
        "local_rotation_matrices": [
          [
            0.974656,
            0.220571,
            -0.037336
          ],
          [
            -0.222542,
            0.972999,
            -0.061227
          ],
          [
            0.022823,
            0.067984,
            0.997425
          ]
        ]
      },
      {
        "time_sec": 1.866667,
        "part_name": "head",
        "local_rotation_matrices": [
          [
            0.976554,
            0.211636,
            -0.039396
          ],
          [
            -0.213348,
            0.975893,
            -0.045991
          ],
          [
            0.028713,
            0.053318,
            0.998165
          ]
        ]
      },
      {
        "time_sec": 1.9,
        "part_name": "head",
        "local_rotation_matrices": [
          [
            0.976873,
            0.207334,
            -0.052268
          ],
          [
            -0.208512,
            0.977851,
            -0.018148
          ],
          [
            0.047348,
            0.028627,
            0.998468
          ]
        ]
      },
      {
        "time_sec": 1.933333,
        "part_name": "head",
        "local_rotation_matrices": [
          [
            0.976497,
            0.200149,
            -0.079957
          ],
          [
            -0.199723,
            0.979761,
            0.013378
          ],
          [
            0.081017,
            0.002906,
            0.996709
          ]
        ]
      },
      {
        "time_sec": 1.966667,
        "part_name": "head",
        "local_rotation_matrices": [
          [
            0.976569,
            0.180498,
            -0.117193
          ],
          [
            -0.177271,
            0.983448,
            0.037488
          ],
          [
            0.12202,
            -0.015835,
            0.992401
          ]
        ]
      },
      {
        "time_sec": 2.0,
        "part_name": "head",
        "local_rotation_matrices": [
          [
            0.977659,
            0.143404,
            -0.153681
          ],
          [
            -0.137745,
            0.989356,
            0.046914
          ],
          [
            0.158773,
            -0.024697,
            0.987006
          ]
        ]
      },
      {
        "time_sec": 2.033333,
        "part_name": "head",
        "local_rotation_matrices": [
          [
            0.978553,
            0.094142,
            -0.183224
          ],
          [
            -0.088394,
            0.99531,
            0.039308
          ],
          [
            0.186065,
            -0.022269,
            0.982285
          ]
        ]
      },
      {
        "time_sec": 2.066667,
        "part_name": "head",
        "local_rotation_matrices": [
          [
            0.978123,
            0.045601,
            -0.202968
          ],
          [
            -0.042758,
            0.998917,
            0.018369
          ],
          [
            0.203586,
            -0.009289,
            0.979013
          ]
        ]
      },
      {
        "time_sec": 2.1,
        "part_name": "head",
        "local_rotation_matrices": [
          [
            0.977538,
            0.012623,
            -0.210383
          ],
          [
            -0.013389,
            0.999908,
            -0.002214
          ],
          [
            0.210335,
            0.004981,
            0.977617
          ]
        ]
      },
      {
        "time_sec": 2.133333,
        "part_name": "head",
        "local_rotation_matrices": [
          [
            0.977823,
            0.007505,
            -0.209299
          ],
          [
            -0.008485,
            0.999957,
            -0.003785
          ],
          [
            0.209261,
            0.005477,
            0.977844
          ]
        ]
      },
      {
        "time_sec": 2.166667,
        "part_name": "head",
        "local_rotation_matrices": [
          [
            0.977604,
            0.032381,
            -0.207946
          ],
          [
            -0.028236,
            0.99934,
            0.022869
          ],
          [
            0.208549,
            -0.016485,
            0.977873
          ]
        ]
      },
      {
        "time_sec": 2.2,
        "part_name": "head",
        "local_rotation_matrices": [
          [
            0.976608,
            0.073415,
            -0.202109
          ],
          [
            -0.062583,
            0.996266,
            0.059482
          ],
          [
            0.205721,
            -0.045442,
            0.977555
          ]
        ]
      },
      {
        "time_sec": 2.233333,
        "part_name": "head",
        "local_rotation_matrices": [
          [
            0.977632,
            0.1154,
            -0.175839
          ],
          [
            -0.103161,
            0.99166,
            0.077253
          ],
          [
            0.183288,
            -0.057385,
            0.981383
          ]
        ]
      },
      {
        "time_sec": 2.266667,
        "part_name": "head",
        "local_rotation_matrices": [
          [
            0.979173,
            0.155946,
            -0.130003
          ],
          [
            -0.149078,
            0.98694,
            0.061041
          ],
          [
            0.137825,
            -0.040389,
            0.989633
          ]
        ]
      },
      {
        "time_sec": 2.3,
        "part_name": "head",
        "local_rotation_matrices": [
          [
            0.974829,
            0.204664,
            -0.088442
          ],
          [
            -0.203805,
            0.978832,
            0.018734
          ],
          [
            0.090404,
            -0.000237,
            0.995905
          ]
        ]
      },
      {
        "time_sec": 2.333333,
        "part_name": "head",
        "local_rotation_matrices": [
          [
            0.965417,
            0.250437,
            -0.072469
          ],
          [
            -0.252848,
            0.967153,
            -0.026129
          ],
          [
            0.063545,
            0.043549,
            0.997028
          ]
        ]
      },
      {
        "time_sec": 2.366667,
        "part_name": "head",
        "local_rotation_matrices": [
          [
            0.962008,
            0.262493,
            -0.075082
          ],
          [
            -0.266656,
            0.962388,
            -0.052011
          ],
          [
            0.058606,
            0.070056,
            0.99582
          ]
        ]
      },
      {
        "time_sec": 2.4,
        "part_name": "head",
        "local_rotation_matrices": [
          [
            0.968415,
            0.23507,
            -0.083158
          ],
          [
            -0.24006,
            0.969137,
            -0.056068
          ],
          [
            0.067411,
            0.07426,
            0.994958
          ]
        ]
      },
      {
        "time_sec": 2.433333,
        "part_name": "head",
        "local_rotation_matrices": [
          [
            0.97622,
            0.189309,
            -0.105622
          ],
          [
            -0.194795,
            0.979848,
            -0.044199
          ],
          [
            0.095126,
            0.063723,
            0.993424
          ]
        ]
      },
      {
        "time_sec": 2.466667,
        "part_name": "head",
        "local_rotation_matrices": [
          [
            0.976949,
            0.152795,
            -0.14908
          ],
          [
            -0.157499,
            0.987312,
            -0.020202
          ],
          [
            0.144102,
            0.043216,
            0.988619
          ]
        ]
      },
      {
        "time_sec": 2.5,
        "part_name": "head",
        "local_rotation_matrices": [
          [
            0.971925,
            0.131047,
            -0.195419
          ],
          [
            -0.132277,
            0.991189,
            0.0068
          ],
          [
            0.194588,
            0.01924,
            0.980696
          ]
        ]
      },
      {
        "time_sec": 2.533333,
        "part_name": "head",
        "local_rotation_matrices": [
          [
            0.969608,
            0.112372,
            -0.21733
          ],
          [
            -0.111351,
            0.993636,
            0.016977
          ],
          [
            0.217855,
            0.007739,
            0.975951
          ]
        ]
      },
      {
        "time_sec": 2.566667,
        "part_name": "head",
        "local_rotation_matrices": [
          [
            0.975317,
            0.091683,
            -0.200873
          ],
          [
            -0.092594,
            0.995692,
            0.004877
          ],
          [
            0.200455,
            0.013843,
            0.979605
          ]
        ]
      },
      {
        "time_sec": 2.6,
        "part_name": "head",
        "local_rotation_matrices": [
          [
            0.984339,
            0.077295,
            -0.158434
          ],
          [
            -0.080468,
            0.996663,
            -0.013701
          ],
          [
            0.156847,
            0.026235,
            0.987274
          ]
        ]
      },
      {
        "time_sec": 2.633333,
        "part_name": "head",
        "local_rotation_matrices": [
          [
            0.989143,
            0.083815,
            -0.120713
          ],
          [
            -0.08835,
            0.995552,
            -0.032711
          ],
          [
            0.117434,
            0.043021,
            0.992148
          ]
        ]
      },
      {
        "time_sec": 2.666667,
        "part_name": "head",
        "local_rotation_matrices": [
          [
            0.988394,
            0.110928,
            -0.103793
          ],
          [
            -0.116672,
            0.991861,
            -0.05099
          ],
          [
            0.097292,
            0.062508,
            0.993291
          ]
        ]
      },
      {
        "time_sec": 2.7,
        "part_name": "head",
        "local_rotation_matrices": [
          [
            0.985761,
            0.136653,
            -0.097989
          ],
          [
            -0.14315,
            0.987718,
            -0.062622
          ],
          [
            0.088228,
            0.075757,
            0.993215
          ]
        ]
      },
      {
        "time_sec": 2.733333,
        "part_name": "head",
        "local_rotation_matrices": [
          [
            0.985223,
            0.143903,
            -0.092889
          ],
          [
            -0.150774,
            0.985963,
            -0.071728
          ],
          [
            0.081263,
            0.084673,
            0.99309
          ]
        ]
      },
      {
        "time_sec": 2.766667,
        "part_name": "head",
        "local_rotation_matrices": [
          [
            0.987436,
            0.134912,
            -0.082269
          ],
          [
            -0.141464,
            0.98672,
            -0.079817
          ],
          [
            0.070408,
            0.090452,
            0.993409
          ]
        ]
      },
      {
        "time_sec": 2.8,
        "part_name": "head",
        "local_rotation_matrices": [
          [
            0.991658,
            0.11725,
            -0.053536
          ],
          [
            -0.12167,
            0.988613,
            -0.088549
          ],
          [
            0.042544,
            0.094324,
            0.994632
          ]
        ]
      },
      {
        "time_sec": 2.833333,
        "part_name": "head",
        "local_rotation_matrices": [
          [
            0.995772,
            0.090129,
            -0.017723
          ],
          [
            -0.091527,
            0.989862,
            -0.108609
          ],
          [
            0.007754,
            0.109772,
            0.993927
          ]
        ]
      },
      {
        "time_sec": 2.866667,
        "part_name": "head",
        "local_rotation_matrices": [
          [
            0.998673,
            0.048468,
            -0.017427
          ],
          [
            -0.050285,
            0.990731,
            -0.126186
          ],
          [
            0.011149,
            0.126895,
            0.991854
          ]
        ]
      },
      {
        "time_sec": 2.9,
        "part_name": "head",
        "local_rotation_matrices": [
          [
            0.998051,
            0.001689,
            -0.062383
          ],
          [
            -0.008036,
            0.994789,
            -0.101635
          ],
          [
            0.061886,
            0.101938,
            0.992864
          ]
        ]
      },
      {
        "time_sec": 2.933333,
        "part_name": "head",
        "local_rotation_matrices": [
          [
            0.990302,
            -0.042569,
            -0.132251
          ],
          [
            0.038473,
            0.998702,
            -0.033381
          ],
          [
            0.1335,
            0.027969,
            0.990654
          ]
        ]
      },
      {
        "time_sec": 2.966667,
        "part_name": "head",
        "local_rotation_matrices": [
          [
            0.971712,
            -0.110532,
            -0.208707
          ],
          [
            0.117444,
            0.992858,
            0.02098
          ],
          [
            0.204898,
            -0.044898,
            0.977753
          ]
        ]
      }
    ],
    "left_collar": [
      {
        "time_sec": 0.0,
        "part_name": "left_collar",
        "local_rotation_matrices": [
          [
            0.910306,
            0.385146,
            -0.151678
          ],
          [
            -0.383421,
            0.922634,
            0.041657
          ],
          [
            0.155987,
            0.020236,
            0.987552
          ]
        ]
      },
      {
        "time_sec": 0.033333,
        "part_name": "left_collar",
        "local_rotation_matrices": [
          [
            0.908681,
            0.387682,
            -0.154924
          ],
          [
            -0.386866,
            0.921408,
            0.036638
          ],
          [
            0.156952,
            0.026643,
            0.987247
          ]
        ]
      },
      {
        "time_sec": 0.066667,
        "part_name": "left_collar",
        "local_rotation_matrices": [
          [
            0.904439,
            0.394742,
            -0.161768
          ],
          [
            -0.395929,
            0.917907,
            0.026227
          ],
          [
            0.158841,
            0.040328,
            0.98648
          ]
        ]
      },
      {
        "time_sec": 0.1,
        "part_name": "left_collar",
        "local_rotation_matrices": [
          [
            0.896043,
            0.408732,
            -0.173333
          ],
          [
            -0.413489,
            0.910461,
            0.009404
          ],
          [
            0.161657,
            0.063244,
            0.984818
          ]
        ]
      },
      {
        "time_sec": 0.133333,
        "part_name": "left_collar",
        "local_rotation_matrices": [
          [
            0.883044,
            0.42908,
            -0.190062
          ],
          [
            -0.439412,
            0.898179,
            -0.013835
          ],
          [
            0.164773,
            0.095732,
            0.981675
          ]
        ]
      },
      {
        "time_sec": 0.166667,
        "part_name": "left_collar",
        "local_rotation_matrices": [
          [
            0.866484,
            0.452049,
            -0.211795
          ],
          [
            -0.470233,
            0.881529,
            -0.042277
          ],
          [
            0.167592,
            0.136226,
            0.976399
          ]
        ]
      },
      {
        "time_sec": 0.2,
        "part_name": "left_collar",
        "local_rotation_matrices": [
          [
            0.848845,
            0.473205,
            -0.235667
          ],
          [
            -0.500516,
            0.862876,
            -0.070199
          ],
          [
            0.170133,
            0.177543,
            0.969295
          ]
        ]
      },
      {
        "time_sec": 0.233333,
        "part_name": "left_collar",
        "local_rotation_matrices": [
          [
            0.835638,
            0.487991,
            -0.252139
          ],
          [
            -0.521765,
            0.848671,
            -0.08671
          ],
          [
            0.17167,
            0.204016,
            0.963798
          ]
        ]
      },
      {
        "time_sec": 0.266667,
        "part_name": "left_collar",
        "local_rotation_matrices": [
          [
            0.83336,
            0.491968,
            -0.251952
          ],
          [
            -0.525675,
            0.846305,
            -0.086215
          ],
          [
            0.170813,
            0.204293,
            0.963892
          ]
        ]
      },
      {
        "time_sec": 0.3,
        "part_name": "left_collar",
        "local_rotation_matrices": [
          [
            0.842914,
            0.481728,
            -0.239654
          ],
          [
            -0.510155,
            0.85711,
            -0.071448
          ],
          [
            0.170991,
            0.182485,
