{
  "format": "gf5_keyframed_motion",
  "version": 2,
  "name": "Knockdown_2",
  "profile_name": "course_body_24",
  "joint_order": [
    "pelvis",
    "left_hip",
    "right_hip",
    "spine1",
    "left_knee",
    "right_knee",
    "spine2",
    "left_ankle",
    "right_ankle",
    "spine3",
    "left_foot",
    "right_foot",
    "neck",
    "left_collar",
    "right_collar",
    "head",
    "left_shoulder",
    "right_shoulder",
    "left_elbow",
    "right_elbow",
    "left_wrist",
    "right_wrist",
    "left_hand",
    "right_hand"
  ],
  "duration_sec": 10.0,
  "exported_at": "2026-06-04T11:57:13",
  "source_asset_name": "Azure",
  "tracks": {
    "head": [
      {
        "time_sec": 0.0,
        "part_name": "head",
        "local_rotation_matrices": [
          [
            0.9521,
            -0.305786,
            -0.000681
          ],
          [
            0.305778,
            0.952087,
            -0.005478
          ],
          [
            0.002323,
            0.005008,
            0.999985
          ]
        ]
      },
      {
        "time_sec": 0.033333,
        "part_name": "head",
        "local_rotation_matrices": [
          [
            0.980114,
            -0.185772,
            -0.06975
          ],
          [
            0.187501,
            0.982079,
            0.019074
          ],
          [
            0.064957,
            -0.031773,
            0.997382
          ]
        ]
      },
      {
        "time_sec": 0.066667,
        "part_name": "head",
        "local_rotation_matrices": [
          [
            0.988767,
            -0.128061,
            -0.077067
          ],
          [
            0.096684,
            0.941242,
            -0.323599
          ],
          [
            0.11398,
            0.312513,
            0.943051
          ]
        ]
      },
      {
        "time_sec": 0.1,
        "part_name": "head",
        "local_rotation_matrices": [
          [
            0.996946,
            -0.043675,
            -0.064746
          ],
          [
            0.008634,
            0.885574,
            -0.464418
          ],
          [
            0.07762,
            0.46244,
            0.883246
          ]
        ]
      },
      {
        "time_sec": 0.133333,
        "part_name": "head",
        "local_rotation_matrices": [
          [
            0.998115,
            0.048646,
            -0.037412
          ],
          [
            -0.058548,
            0.937513,
            -0.342988
          ],
          [
            0.01839,
            0.344532,
            0.938594
          ]
        ]
      },
      {
        "time_sec": 0.166667,
        "part_name": "head",
        "local_rotation_matrices": [
          [
            0.997464,
            0.070423,
            0.010263
          ],
          [
            -0.065967,
            0.969029,
            -0.237972
          ],
          [
            -0.026704,
            0.236691,
            0.971218
          ]
        ]
      },
      {
        "time_sec": 0.2,
        "part_name": "head",
        "local_rotation_matrices": [
          [
            0.996773,
            0.049417,
            0.063259
          ],
          [
            -0.034667,
            0.975774,
            -0.216017
          ],
          [
            -0.072401,
            0.213127,
            0.974338
          ]
        ]
      },
      {
        "time_sec": 0.233333,
        "part_name": "head",
        "local_rotation_matrices": [
          [
            0.993348,
            0.021428,
            0.113141
          ],
          [
            0.004009,
            0.975504,
            -0.219945
          ],
          [
            -0.115083,
            0.218936,
            0.968929
          ]
        ]
      },
      {
        "time_sec": 0.266667,
        "part_name": "head",
        "local_rotation_matrices": [
          [
            0.989743,
            -0.005862,
            0.142742
          ],
          [
            0.038099,
            0.973803,
            -0.22418
          ],
          [
            -0.137688,
            0.227319,
            0.964037
          ]
        ]
      },
      {
        "time_sec": 0.3,
        "part_name": "head",
        "local_rotation_matrices": [
          [
            0.987737,
            -0.027067,
            0.153766
          ],
          [
            0.061045,
            0.97341,
            -0.220786
          ],
          [
            -0.143701,
            0.227465,
            0.963125
          ]
        ]
      },
      {
        "time_sec": 0.333333,
        "part_name": "head",
        "local_rotation_matrices": [
          [
            0.985793,
            -0.035641,
            0.164138
          ],
          [
            0.070121,
            0.975323,
            -0.209353
          ],
          [
            -0.152626,
            0.217889,
            0.963966
          ]
        ]
      },
      {
        "time_sec": 0.366667,
        "part_name": "head",
        "local_rotation_matrices": [
          [
            0.982977,
            -0.030586,
            0.181163
          ],
          [
            0.0666,
            0.9783,
            -0.196197
          ],
          [
            -0.171231,
            0.204923,
            0.963684
          ]
        ]
      },
      {
        "time_sec": 0.4,
        "part_name": "head",
        "local_rotation_matrices": [
          [
            0.980353,
            -0.017761,
            0.196452
          ],
          [
            0.055246,
            0.980802,
            -0.187017
          ],
          [
            -0.189359,
            0.194196,
            0.962513
          ]
        ]
      },
      {
        "time_sec": 0.433333,
        "part_name": "head",
        "local_rotation_matrices": [
          [
            0.978332,
            -0.004279,
            0.207
          ],
          [
            0.042806,
            0.982365,
            -0.182008
          ],
          [
            -0.202571,
            0.186926,
            0.961262
          ]
        ]
      },
      {
        "time_sec": 0.466667,
        "part_name": "head",
        "local_rotation_matrices": [
          [
            0.975587,
            0.00222,
            0.219603
          ],
          [
            0.037614,
            0.983484,
            -0.177043
          ],
          [
            -0.216369,
            0.180981,
            0.959391
          ]
        ]
      },
      {
        "time_sec": 0.5,
        "part_name": "head",
        "local_rotation_matrices": [
          [
            0.970737,
            -0.005237,
            0.240086
          ],
          [
            0.046608,
            0.98486,
            -0.166969
          ],
          [
            -0.235577,
            0.173273,
            0.956284
          ]
        ]
      },
      {
        "time_sec": 0.533333,
        "part_name": "head",
        "local_rotation_matrices": [
          [
            0.963569,
            -0.027659,
            0.266026
          ],
          [
            0.070274,
            0.985874,
            -0.152035
          ],
          [
            -0.258063,
            0.165191,
            0.951901
          ]
        ]
      },
      {
        "time_sec": 0.566667,
        "part_name": "head",
        "local_rotation_matrices": [
          [
            0.955158,
            -0.060528,
            0.289843
          ],
          [
            0.103549,
            0.985356,
            -0.135469
          ],
          [
            -0.277399,
            0.159407,
            0.947438
          ]
        ]
      },
      {
        "time_sec": 0.6,
        "part_name": "head",
        "local_rotation_matrices": [
          [
            0.946958,
            -0.094182,
            0.307246
          ],
          [
            0.135881,
            0.983764,
            -0.117237
          ],
          [
            -0.291216,
            0.152767,
            0.944381
          ]
        ]
      },
      {
        "time_sec": 0.633333,
        "part_name": "head",
        "local_rotation_matrices": [
          [
            0.942049,
            -0.114181,
            0.315447
          ],
          [
            0.15208,
            0.983479,
            -0.098186
          ],
          [
            -0.299024,
            0.14047,
            0.94385
          ]
        ]
      },
      {
        "time_sec": 0.666667,
        "part_name": "head",
        "local_rotation_matrices": [
          [
            0.942457,
            -0.11158,
            0.315158
          ],
          [
            0.144054,
            0.986198,
            -0.081625
          ],
          [
            -0.301701,
            0.122328,
            0.945522
          ]
        ]
      },
      {
        "time_sec": 0.7,
        "part_name": "head",
        "local_rotation_matrices": [
          [
            0.944821,
            -0.094606,
            0.31363
          ],
          [
            0.122964,
            0.989806,
            -0.071859
          ],
          [
            -0.303635,
            0.106459,
            0.946822
          ]
        ]
      },
      {
        "time_sec": 0.733333,
        "part_name": "head",
        "local_rotation_matrices": [
          [
            0.945676,
            -0.072916,
            0.316827
          ],
          [
            0.09987,
            0.992559,
            -0.069664
          ],
          [
            -0.30939,
            0.097521,
            0.945921
          ]
        ]
      },
      {
        "time_sec": 0.766667,
        "part_name": "head",
        "local_rotation_matrices": [
          [
            0.943873,
            -0.043199,
            0.327471
          ],
          [
            0.067511,
            0.995712,
            -0.063238
          ],
          [
            -0.323336,
            0.081796,
            0.942743
          ]
        ]
      },
      {
        "time_sec": 0.8,
        "part_name": "head",
        "local_rotation_matrices": [
          [
            0.93662,
            -4.2e-05,
            0.350347
          ],
          [
            0.011515,
            0.999463,
            -0.030665
          ],
          [
            -0.350158,
            0.032755,
            0.936118
          ]
        ]
      },
      {
        "time_sec": 0.833333,
        "part_name": "head",
        "local_rotation_matrices": [
          [
            0.923329,
            0.037331,
            0.38219
          ],
          [
            -0.061097,
            0.996867,
            0.050232
          ],
          [
            -0.379118,
            -0.069731,
            0.922717
          ]
        ]
      },
      {
        "time_sec": 0.866667,
        "part_name": "head",
        "local_rotation_matrices": [
          [
            0.917532,
            0.042199,
            0.395418
          ],
          [
            -0.128746,
            0.972321,
            0.194979
          ],
          [
            -0.376245,
            -0.229808,
            0.897568
          ]
        ]
      },
      {
        "time_sec": 0.9,
        "part_name": "head",
        "local_rotation_matrices": [
          [
            0.933317,
            0.027463,
            0.358003
          ],
          [
            -0.164496,
            0.918983,
            0.358346
          ],
          [
            -0.319157,
            -0.39334,
            0.862219
          ]
        ]
      },
      {
        "time_sec": 0.933333,
        "part_name": "head",
        "local_rotation_matrices": [
          [
            0.963499,
            0.012288,
            0.267429
          ],
          [
            -0.131174,
            0.892484,
            0.431586
          ],
          [
            -0.233372,
            -0.450912,
            0.861519
          ]
        ]
      },
      {
        "time_sec": 0.966667,
        "part_name": "head",
        "local_rotation_matrices": [
          [
            0.993421,
            -0.012773,
            0.113805
          ],
          [
            -0.025663,
            0.943659,
            0.329924
          ],
          [
            -0.111607,
            -0.330674,
            0.937122
          ]
        ]
      },
      {
        "time_sec": 1.0,
        "part_name": "head",
        "local_rotation_matrices": [
          [
            0.996844,
            -0.047167,
            -0.063847
          ],
          [
            0.052314,
            0.9953,
            0.081492
          ],
          [
            0.059703,
            -0.084575,
            0.994627
          ]
        ]
      },
      {
        "time_sec": 1.033333,
        "part_name": "head",
        "local_rotation_matrices": [
          [
            0.99085,
            -0.0301,
            -0.131565
          ],
          [
            0.018808,
            0.996096,
            -0.086249
          ],
          [
            0.133648,
            0.082985,
            0.987548
          ]
        ]
      },
      {
        "time_sec": 1.066667,
        "part_name": "head",
        "local_rotation_matrices": [
          [
            0.995674,
            0.05438,
            -0.075341
          ],
          [
            -0.063386,
            0.990401,
            -0.122831
          ],
          [
            0.067938,
            0.127075,
            0.989564
          ]
        ]
      },
      {
        "time_sec": 1.1,
        "part_name": "head",
        "local_rotation_matrices": [
          [
            0.988511,
            0.146058,
            0.038895
          ],
          [
            -0.141322,
            0.984392,
            -0.104879
          ],
          [
            -0.053606,
            0.098177,
            0.993724
          ]
        ]
      },
      {
        "time_sec": 1.133333,
        "part_name": "head",
        "local_rotation_matrices": [
          [
            0.96595,
            0.205307,
            0.157444
          ],
          [
            -0.196816,
            0.978085,
            -0.067921
          ],
          [
            -0.167938,
            0.034621,
            0.985189
          ]
        ]
      },
      {
        "time_sec": 1.166667,
        "part_name": "head",
        "local_rotation_matrices": [
          [
            0.938792,
            0.219527,
            0.265477
          ],
          [
            -0.22377,
            0.974533,
            -0.014551
          ],
          [
            -0.26191,
            -0.045745,
            0.964007
          ]
        ]
      },
      {
        "time_sec": 1.2,
        "part_name": "head",
        "local_rotation_matrices": [
          [
            0.913511,
            0.191259,
            0.359051
          ],
          [
            -0.223534,
            0.973402,
            0.050211
          ],
          [
            -0.339898,
            -0.126128,
            0.931966
          ]
        ]
      },
      {
        "time_sec": 1.233333,
        "part_name": "head",
        "local_rotation_matrices": [
          [
            0.893844,
            0.143045,
            0.424948
          ],
          [
            -0.207362,
            0.972182,
            0.108916
          ],
          [
            -0.397547,
            -0.185472,
            0.898641
          ]
        ]
      },
      {
        "time_sec": 1.266667,
        "part_name": "head",
        "local_rotation_matrices": [
          [
            0.883205,
            0.106414,
            0.456754
          ],
          [
            -0.189476,
            0.971859,
            0.139959
          ],
          [
            -0.429007,
            -0.210156,
            0.878514
          ]
        ]
      },
      {
        "time_sec": 1.3,
        "part_name": "head",
        "local_rotation_matrices": [
          [
            0.880975,
            0.0979,
            0.462924
          ],
          [
            -0.178908,
            0.97465,
            0.134352
          ],
          [
            -0.438036,
            -0.201181,
            0.876157
          ]
        ]
      },
      {
        "time_sec": 1.333333,
        "part_name": "head",
        "local_rotation_matrices": [
          [
            0.88346,
            0.111161,
            0.455128
          ],
          [
            -0.176333,
            0.978906,
            0.103194
          ],
          [
            -0.434057,
            -0.171422,
            0.884426
          ]
        ]
      },
      {
        "time_sec": 1.366667,
        "part_name": "head",
        "local_rotation_matrices": [
          [
            0.887518,
            0.130829,
            0.441809
          ],
          [
            -0.17741,
            0.981947,
            0.065611
          ],
          [
            -0.425249,
            -0.136613,
            0.894707
          ]
        ]
      },
      {
        "time_sec": 1.4,
        "part_name": "head",
        "local_rotation_matrices": [
          [
            0.891512,
            0.146814,
            0.428546
          ],
          [
            -0.178274,
            0.983394,
            0.03397
          ],
          [
            -0.416442,
            -0.106683,
            0.902881
          ]
        ]
      },
      {
        "time_sec": 1.433333,
        "part_name": "head",
        "local_rotation_matrices": [
          [
            0.894585,
            0.15686,
            0.418465
          ],
          [
            -0.177933,
            0.983975,
            0.011542
          ],
          [
            -0.409948,
            -0.084785,
            0.90816
          ]
        ]
      },
      {
        "time_sec": 1.466667,
        "part_name": "head",
        "local_rotation_matrices": [
          [
            0.896485,
            0.162763,
            0.412096
          ],
          [
            -0.177568,
            0.984106,
            -0.002401
          ],
          [
            -0.405937,
            -0.071023,
            0.911137
          ]
        ]
      },
      {
        "time_sec": 1.5,
        "part_name": "head",
        "local_rotation_matrices": [
          [
            0.897638,
            0.16612,
            0.408229
          ],
          [
            -0.178015,
            0.983987,
            -0.008981
          ],
          [
            -0.403183,
            -0.064609,
            0.912835
          ]
        ]
      },
      {
        "time_sec": 1.533333,
        "part_name": "head",
        "local_rotation_matrices": [
          [
            0.898398,
            0.167873,
            0.405832
          ],
          [
            -0.178792,
            0.983823,
            -0.011164
          ],
          [
            -0.401142,
            -0.06253,
            0.913879
          ]
        ]
      },
      {
        "time_sec": 1.566667,
        "part_name": "head",
        "local_rotation_matrices": [
          [
            0.898824,
            0.168694,
            0.404546
          ],
          [
            -0.179322,
            0.98372,
            -0.011788
          ],
          [
            -0.399949,
            -0.061948,
            0.914442
          ]
        ]
      },
      {
        "time_sec": 1.6,
        "part_name": "head",
        "local_rotation_matrices": [
          [
            0.899005,
            0.169076,
            0.403983
          ],
          [
            -0.179597,
            0.983667,
            -0.012018
          ],
          [
            -0.399417,
            -0.06175,
            0.914687
          ]
        ]
      },
      {
        "time_sec": 1.633333,
        "part_name": "head",
        "local_rotation_matrices": [
          [
            0.899154,
            0.168895,
            0.403729
          ],
          [
            -0.179513,
            0.983686,
            -0.011715
          ],
          [
            -0.399121,
            -0.061941,
            0.914804
          ]
        ]
      },
      {
        "time_sec": 1.666667,
        "part_name": "head",
        "local_rotation_matrices": [
          [
            0.899321,
            0.168252,
            0.403624
          ],
          [
            -0.17916,
            0.98376,
            -0.010895
          ],
          [
            -0.398902,
            -0.062515,
            0.91486
          ]
        ]
      },
      {
        "time_sec": 10.0,
        "part_name": "head",
        "local_rotation_matrices": [
          [
            0.899005,
            0.169076,
            0.403983
          ],
          [
            -0.179597,
            0.983667,
            -0.012018
          ],
          [
            -0.399417,
            -0.06175,
            0.914687
          ]
        ]
      }
    ],
    "left_ankle": [
      {
        "time_sec": 0.0,
        "part_name": "left_ankle",
        "local_rotation_matrices": [
          [
            0.965721,
            -0.057001,
            -0.253248
          ],
          [
            0.11165,
            0.97195,
            0.206995
          ],
          [
            0.234345,
            -0.228175,
            0.944997
          ]
        ]
      },
      {
        "time_sec": 0.033333,
        "part_name": "left_ankle",
        "local_rotation_matrices": [
          [
            0.969133,
            -0.058305,
            -0.239545
          ],
          [
            0.119255,
            0.961262,
            0.248502
          ],
          [
            0.215777,
            -0.269399,
            0.938544
          ]
        ]
      },
      {
        "time_sec": 0.066667,
        "part_name": "left_ankle",
        "local_rotation_matrices": [
          [
            0.906944,
            -0.124012,
            -0.402583
          ],
          [
            0.147109,
            0.988756,
            0.026831
          ],
          [
            0.39473,
            -0.083558,
            0.91499
          ]
        ]
      },
      {
        "time_sec": 0.1,
        "part_name": "left_ankle",
        "local_rotation_matrices": [
          [
            0.885697,
            -0.199195,
            -0.419358
          ],
          [
            0.136712,
            0.97513,
            -0.174446
          ],
          [
            0.443678,
            0.097175,
            0.890902
          ]
        ]
      },
      {
        "time_sec": 0.133333,
        "part_name": "left_ankle",
        "local_rotation_matrices": [
          [
            0.933,
            -0.196908,
            -0.301228
          ],
          [
            0.130402,
            0.965127,
            -0.226993
          ],
          [
            0.33542,
            0.172504,
            0.92614
          ]
        ]
      },
      {
        "time_sec": 0.166667,
        "part_name": "left_ankle",
        "local_rotation_matrices": [
          [
            0.956205,
            -0.168372,
            -0.23942
          ],
          [
            0.128559,
            0.976452,
            -0.173245
          ],
          [
            0.262952,
            0.134878,
            0.955335
          ]
        ]
      },
      {
        "time_sec": 0.2,
        "part_name": "left_ankle",
        "local_rotation_matrices": [
          [
            0.959816,
            -0.148583,
            -0.238068
          ],
          [
            0.13279,
            0.987817,
            -0.081149
          ],
          [
            0.247225,
            0.046275,
            0.967852
          ]
        ]
      },
      {
        "time_sec": 0.233333,
        "part_name": "left_ankle",
        "local_rotation_matrices": [
          [
            0.961118,
            -0.138496,
            -0.238894
          ],
          [
            0.13911,
            0.990173,
            -0.014375
          ],
          [
            0.238537,
            -0.019416,
            0.970939
          ]
        ]
      },
      {
        "time_sec": 0.266667,
        "part_name": "left_ankle",
        "local_rotation_matrices": [
          [
            0.963225,
            -0.138398,
            -0.230311
          ],
          [
            0.145932,
            0.989167,
            0.015917
          ],
          [
            0.225613,
            -0.048942,
            0.972987
          ]
        ]
      },
      {
        "time_sec": 0.3,
        "part_name": "left_ankle",
        "local_rotation_matrices": [
          [
            0.965062,
            -0.149096,
            -0.215465
          ],
          [
            0.15942,
            0.986716,
            0.031256
          ],
          [
            0.207943,
            -0.064513,
            0.976011
          ]
        ]
      },
      {
        "time_sec": 0.333333,
        "part_name": "left_ankle",
        "local_rotation_matrices": [
          [
            0.965584,
            -0.16927,
            -0.19747
          ],
          [
            0.182613,
            0.981845,
            0.051304
          ],
          [
            0.185201,
            -0.085599,
            0.978965
          ]
        ]
      },
      {
        "time_sec": 0.366667,
        "part_name": "left_ankle",
        "local_rotation_matrices": [
          [
            0.96537,
            -0.193133,
            -0.175389
          ],
          [
            0.20977,
            0.974331,
            0.081707
          ],
          [
            0.155106,
            -0.115669,
            0.981103
          ]
        ]
      },
      {
        "time_sec": 0.4,
        "part_name": "left_ankle",
        "local_rotation_matrices": [
          [
            0.965975,
            -0.212247,
            -0.147795
          ],
          [
            0.231201,
            0.964762,
            0.125623
          ],
          [
            0.115924,
            -0.155519,
            0.981008
          ]
        ]
      },
      {
        "time_sec": 0.433333,
        "part_name": "left_ankle",
        "local_rotation_matrices": [
          [
            0.967831,
            -0.220384,
            -0.121381
          ],
          [
            0.241161,
            0.950102,
            0.197856
          ],
          [
            0.07172,
            -0.220764,
            0.972687
          ]
        ]
      },
      {
        "time_sec": 0.466667,
        "part_name": "left_ankle",
        "local_rotation_matrices": [
          [
            0.970704,
            -0.217137,
            -0.102882
          ],
          [
            0.23838,
            0.923994,
            0.299014
          ],
          [
            0.030136,
            -0.314779,
            0.948686
          ]
        ]
      },
      {
        "time_sec": 0.5,
        "part_name": "left_ankle",
        "local_rotation_matrices": [
          [
            0.973342,
            -0.209588,
            -0.093151
          ],
          [
            0.229346,
            0.885554,
            0.403974
          ],
          [
            -0.002178,
            -0.414569,
            0.910015
          ]
        ]
      },
      {
        "time_sec": 0.533333,
        "part_name": "left_ankle",
        "local_rotation_matrices": [
          [
            0.975092,
            -0.203044,
            -0.089265
          ],
          [
            0.220386,
            0.841581,
            0.493123
          ],
          [
            -0.025002,
            -0.500514,
            0.865368
          ]
        ]
      },
      {
        "time_sec": 0.566667,
        "part_name": "left_ankle",
        "local_rotation_matrices": [
          [
            0.976547,
            -0.196974,
            -0.086937
          ],
          [
            0.211389,
            0.800472,
            0.560856
          ],
          [
            -0.040883,
            -0.566079,
            0.823336
          ]
        ]
      },
      {
        "time_sec": 0.6,
        "part_name": "left_ankle",
        "local_rotation_matrices": [
          [
            0.978011,
            -0.189724,
            -0.086596
          ],
          [
            0.202928,
            0.76993,
            0.605002
          ],
          [
            -0.04811,
            -0.609271,
            0.791501
          ]
        ]
      },
      {
        "time_sec": 0.633333,
        "part_name": "left_ankle",
        "local_rotation_matrices": [
          [
            0.97981,
            -0.179926,
            -0.087168
          ],
          [
            0.194344,
            0.754824,
            0.626475
          ],
          [
            -0.046923,
            -0.630768,
            0.774552
          ]
        ]
      },
      {
        "time_sec": 0.666667,
        "part_name": "left_ankle",
        "local_rotation_matrices": [
          [
            0.982355,
            -0.166819,
            -0.084559
          ],
          [
            0.182442,
            0.755256,
            0.629526
          ],
          [
            -0.041153,
            -0.633845,
            0.772364
          ]
        ]
      },
      {
        "time_sec": 0.7,
        "part_name": "left_ankle",
        "local_rotation_matrices": [
          [
            0.983782,
            -0.152172,
            -0.094956
          ],
          [
            0.177844,
            0.75865,
            0.626755
          ],
          [
            -0.023337,
            -0.633477,
            0.773409
          ]
        ]
      },
      {
        "time_sec": 0.733333,
        "part_name": "left_ankle",
        "local_rotation_matrices": [
          [
            0.980616,
            -0.143586,
            -0.133326
          ],
          [
            0.195721,
            0.749973,
            0.631849
          ],
          [
            0.009267,
            -0.645696,
            0.763539
          ]
        ]
      },
      {
        "time_sec": 0.766667,
        "part_name": "left_ankle",
        "local_rotation_matrices": [
          [
            0.972992,
            -0.148015,
            -0.177139
          ],
          [
            0.228468,
            0.727174,
            0.647317
          ],
          [
            0.032999,
            -0.670305,
            0.741352
          ]
        ]
      },
      {
        "time_sec": 0.8,
        "part_name": "left_ankle",
        "local_rotation_matrices": [
          [
            0.968689,
            -0.17292,
            -0.178158
          ],
          [
            0.248009,
            0.707319,
            0.661961
          ],
          [
            0.011549,
            -0.685419,
            0.728057
          ]
        ]
      },
      {
        "time_sec": 0.833333,
        "part_name": "left_ankle",
        "local_rotation_matrices": [
          [
            0.970011,
            -0.211892,
            -0.119082
          ],
          [
            0.23648,
            0.709485,
            0.663859
          ],
          [
            -0.05618,
            -0.672111,
            0.738316
          ]
        ]
      },
      {
        "time_sec": 0.866667,
        "part_name": "left_ankle",
        "local_rotation_matrices": [
          [
            0.973325,
            -0.225746,
            -0.040959
          ],
          [
            0.194558,
            0.717505,
            0.66883
          ],
          [
            -0.121597,
            -0.658958,
            0.742286
          ]
        ]
      },
      {
        "time_sec": 0.9,
        "part_name": "left_ankle",
        "local_rotation_matrices": [
          [
            0.980961,
            -0.194061,
            0.007433
          ],
          [
            0.135294,
            0.710353,
            0.69072
          ],
          [
            -0.139322,
            -0.676564,
            0.723084
          ]
        ]
      },
      {
        "time_sec": 0.933333,
        "part_name": "left_ankle",
        "local_rotation_matrices": [
          [
            0.991429,
            -0.12821,
            0.025107
          ],
          [
            0.071658,
            0.69435,
            0.716061
          ],
          [
            -0.109239,
            -0.708124,
            0.697586
          ]
        ]
      },
      {
        "time_sec": 0.966667,
        "part_name": "left_ankle",
        "local_rotation_matrices": [
          [
            0.999018,
            -0.037481,
            0.023616
          ],
          [
            0.008527,
            0.685827,
            0.727715
          ],
          [
            -0.043472,
            -0.726799,
            0.685473
          ]
        ]
      },
      {
        "time_sec": 1.0,
        "part_name": "left_ankle",
        "local_rotation_matrices": [
          [
            0.998283,
            0.058563,
            -0.00085
          ],
          [
            -0.039925,
            0.691055,
            0.721698
          ],
          [
            0.042852,
            -0.720425,
            0.692207
          ]
        ]
      },
      {
        "time_sec": 1.033333,
        "part_name": "left_ankle",
        "local_rotation_matrices": [
          [
            0.991887,
            0.121806,
            -0.036391
          ],
          [
            -0.059993,
            0.70088,
            0.710752
          ],
          [
            0.11208,
            -0.702802,
            0.702501
          ]
        ]
      },
      {
        "time_sec": 1.066667,
        "part_name": "left_ankle",
        "local_rotation_matrices": [
          [
            0.988281,
            0.145029,
            -0.047606
          ],
          [
            -0.069387,
            0.70463,
            0.706175
          ],
          [
            0.13596,
            -0.694596,
            0.706436
          ]
        ]
      },
      {
        "time_sec": 1.1,
        "part_name": "left_ankle",
        "local_rotation_matrices": [
          [
            0.990432,
            0.135381,
            -0.026753
          ],
          [
            -0.079413,
            0.717689,
            0.691821
          ],
          [
            0.11286,
            -0.683077,
            0.721574
          ]
        ]
      },
      {
        "time_sec": 1.133333,
        "part_name": "left_ankle",
        "local_rotation_matrices": [
          [
            0.995014,
            0.099283,
            0.009493
          ],
          [
            -0.081415,
            0.753569,
            0.652307
          ],
          [
            0.05761,
            -0.649828,
            0.757895
          ]
        ]
      },
      {
        "time_sec": 1.166667,
        "part_name": "left_ankle",
        "local_rotation_matrices": [
          [
            0.996402,
            0.065372,
            0.053946
          ],
          [
            -0.084717,
            0.78764,
            0.610283
          ],
          [
            -0.002594,
            -0.612658,
            0.790344
          ]
        ]
      },
      {
        "time_sec": 1.2,
        "part_name": "left_ankle",
        "local_rotation_matrices": [
          [
            0.994401,
            0.048875,
            0.093691
          ],
          [
            -0.094611,
            0.806692,
            0.583349
          ],
          [
            -0.047069,
            -0.588947,
            0.806799
          ]
        ]
      },
      {
        "time_sec": 1.233333,
        "part_name": "left_ankle",
        "local_rotation_matrices": [
          [
            0.992003,
            0.043293,
            0.118557
          ],
          [
            -0.103795,
            0.814256,
            0.571152
          ],
          [
            -0.071809,
            -0.57889,
            0.812238
          ]
        ]
      },
      {
        "time_sec": 1.266667,
        "part_name": "left_ankle",
        "local_rotation_matrices": [
          [
            0.991081,
            0.040938,
            0.126817
          ],
          [
            -0.106744,
            0.813577,
            0.571576
          ],
          [
            -0.079776,
            -0.580015,
            0.81069
          ]
        ]
      },
      {
        "time_sec": 1.3,
        "part_name": "left_ankle",
        "local_rotation_matrices": [
          [
            0.99203,
            0.038068,
            0.120115
          ],
          [
            -0.1012,
            0.80865,
            0.57952
          ],
          [
            -0.07507,
            -0.587056,
            0.806058
          ]
        ]
      },
      {
        "time_sec": 1.333333,
        "part_name": "left_ankle",
        "local_rotation_matrices": [
          [
            0.994017,
            0.033857,
            0.103844
          ],
          [
            -0.088829,
            0.80381,
            0.588216
          ],
          [
            -0.063556,
            -0.593922,
            0.802009
          ]
        ]
      },
      {
        "time_sec": 1.366667,
        "part_name": "left_ankle",
        "local_rotation_matrices": [
          [
            0.995992,
            0.02899,
            0.084617
          ],
          [
            -0.073769,
            0.801226,
            0.593797
          ],
          [
            -0.050583,
            -0.597659,
            0.800153
          ]
        ]
      },
      {
        "time_sec": 1.4,
        "part_name": "left_ankle",
        "local_rotation_matrices": [
          [
            0.997431,
            0.02483,
            0.06719
          ],
          [
            -0.060105,
            0.800368,
            0.596489
          ],
          [
            -0.038966,
            -0.598995,
            0.799804
          ]
        ]
      },
      {
        "time_sec": 1.433333,
        "part_name": "left_ankle",
        "local_rotation_matrices": [
          [
            0.998297,
            0.022579,
            0.05379
          ],
          [
            -0.050299,
            0.800195,
            0.597627
          ],
          [
            -0.029549,
            -0.599315,
            0.799968
          ]
        ]
      },
      {
        "time_sec": 1.466667,
        "part_name": "left_ankle",
        "local_rotation_matrices": [
          [
            0.998723,
            0.022743,
            0.045112
          ],
          [
            -0.045241,
            0.80005,
            0.598224
          ],
          [
            -0.022487,
            -0.599501,
            0.800058
          ]
        ]
      },
      {
        "time_sec": 1.5,
        "part_name": "left_ankle",
        "local_rotation_matrices": [
          [
            0.99886,
            0.024876,
            0.040752
          ],
          [
            -0.044352,
            0.799456,
            0.599085
          ],
          [
            -0.017676,
            -0.60021,
            0.799647
          ]
        ]
      },
      {
        "time_sec": 1.533333,
        "part_name": "left_ankle",
        "local_rotation_matrices": [
          [
            0.998866,
            0.02738,
            0.038939
          ],
          [
            -0.045291,
            0.7984,
            0.600422
          ],
          [
            -0.014649,
            -0.601505,
            0.798735
          ]
        ]
      },
      {
        "time_sec": 1.566667,
        "part_name": "left_ankle",
        "local_rotation_matrices": [
          [
            0.998846,
            0.029164,
