{
  "format": "gf5_keyframed_motion",
  "version": 2,
  "name": "start_match_3",
  "profile_name": "course_body_24",
  "joint_order": [
    "pelvis",
    "left_hip",
    "right_hip",
    "spine1",
    "left_knee",
    "right_knee",
    "spine2",
    "left_ankle",
    "right_ankle",
    "spine3",
    "left_foot",
    "right_foot",
    "neck",
    "left_collar",
    "right_collar",
    "head",
    "left_shoulder",
    "right_shoulder",
    "left_elbow",
    "right_elbow",
    "left_wrist",
    "right_wrist",
    "left_hand",
    "right_hand"
  ],
  "duration_sec": 6.0,
  "exported_at": "2026-06-03T16:01:39",
  "source_asset_name": "Azure",
  "tracks": {
    "left_hip": [
      {
        "time_sec": 0.0,
        "part_name": "left_hip",
        "local_rotation_matrices": [
          [
            1.0,
            0.0,
            0.0
          ],
          [
            0.0,
            1.0,
            0.0
          ],
          [
            0.0,
            0.0,
            1.0
          ]
        ]
      },
      {
        "time_sec": 0.5,
        "part_name": "left_hip",
        "local_rotation_matrices": [
          [
            1.0,
            0.0,
            0.0
          ],
          [
            0.0,
            0.93358,
            -0.358368
          ],
          [
            0.0,
            0.358368,
            0.93358
          ]
        ]
      },
      {
        "time_sec": 1.0,
        "part_name": "left_hip",
        "local_rotation_matrices": [
          [
            1.0,
            0.0,
            0.0
          ],
          [
            0.0,
            0.994522,
            -0.104528
          ],
          [
            0.0,
            0.104528,
            0.994522
          ]
        ]
      },
      {
        "time_sec": 5.5,
        "part_name": "left_hip",
        "local_rotation_matrices": [
          [
            1.0,
            0.0,
            0.0
          ],
          [
            0.0,
            0.994522,
            -0.104528
          ],
          [
            0.0,
            0.104528,
            0.994522
          ]
        ]
      },
      {
        "time_sec": 6.0,
        "part_name": "left_hip",
        "local_rotation_matrices": [
          [
            1.0,
            0.0,
            0.0
          ],
          [
            0.0,
            1.0,
            0.0
          ],
          [
            0.0,
            0.0,
            1.0
          ]
        ]
      }
    ],
    "left_knee": [
      {
        "time_sec": 0.0,
        "part_name": "left_knee",
        "local_rotation_matrices": [
          [
            1.0,
            0.0,
            0.0
          ],
          [
            0.0,
            1.0,
            0.0
          ],
          [
            0.0,
            0.0,
            1.0
          ]
        ]
      },
      {
        "time_sec": 0.5,
        "part_name": "left_knee",
        "local_rotation_matrices": [
          [
            1.0,
            0.0,
            0.0
          ],
          [
            0.0,
            0.981627,
            0.190809
          ],
          [
            0.0,
            -0.190809,
            0.981627
          ]
        ]
      },
      {
        "time_sec": 1.0,
        "part_name": "left_knee",
        "local_rotation_matrices": [
          [
            1.0,
            0.0,
            0.0
          ],
          [
            0.0,
            0.99863,
            -0.052336
          ],
          [
            0.0,
            0.052336,
            0.99863
          ]
        ]
      }
    ],
    "left_shoulder": [
      {
        "time_sec": 0.0,
        "part_name": "left_shoulder",
        "local_rotation_matrices": [
          [
            0.03456,
            0.989665,
            -0.139173
          ],
          [
            0.004857,
            0.139088,
            0.990268
          ],
          [
            0.999391,
            -0.034899,
            0.0
          ]
        ]
      }
    ],
    "right_hip": [
      {
        "time_sec": 0.0,
        "part_name": "right_hip",
        "local_rotation_matrices": [
          [
            1.0,
            0.0,
            0.0
          ],
          [
            0.0,
            1.0,
            0.0
          ],
          [
            0.0,
            0.0,
            1.0
          ]
        ]
      },
      {
        "time_sec": 1.0,
        "part_name": "right_hip",
        "local_rotation_matrices": [
          [
            1.0,
            0.0,
            0.0
          ],
          [
            0.0,
            0.981627,
            0.190809
          ],
          [
            0.0,
            -0.190809,
            0.981627
          ]
        ]
      },
      {
        "time_sec": 5.5,
        "part_name": "right_hip",
        "local_rotation_matrices": [
          [
            1.0,
            0.0,
            0.0
          ],
          [
            0.0,
            0.981627,
            0.190809
          ],
          [
            0.0,
            -0.190809,
            0.981627
          ]
        ]
      },
      {
        "time_sec": 6.0,
        "part_name": "right_hip",
        "local_rotation_matrices": [
          [
            1.0,
            0.0,
            0.0
          ],
          [
            0.0,
            1.0,
            0.0
          ],
          [
            0.0,
            0.0,
            1.0
          ]
        ]
      }
    ],
    "right_shoulder": [
      {
        "time_sec": 0.0,
        "part_name": "right_shoulder",
        "local_rotation_matrices": [
          [
            0.052336,
            -0.99863,
            0.0
          ],
          [
            0.0,
            0.0,
            1.0
          ],
          [
            -0.99863,
            -0.052336,
            0.0
          ]
        ]
      },
      {
        "time_sec": 0.5,
        "part_name": "right_shoulder",
        "local_rotation_matrices": [
          [
            0.026175,
            -0.999594,
            -0.011248
          ],
          [
            0.98997,
            0.024357,
            0.139164
          ],
          [
            -0.138834,
            -0.014778,
            0.990205
          ]
        ]
      },
      {
        "time_sec": 1.0,
        "part_name": "right_shoulder",
        "local_rotation_matrices": [
          [
            0.0,
            -1.0,
            0.0
          ],
          [
            0.87462,
            0.0,
            -0.48481
          ],
          [
            0.48481,
            0.0,
            0.87462
          ]
        ]
      },
      {
        "time_sec": 5.0,
        "part_name": "right_shoulder",
        "local_rotation_matrices": [
          [
            -0.0,
            -1.0,
            0.0
          ],
          [
            0.87462,
            -0.0,
            -0.48481
          ],
          [
            0.48481,
            0.0,
            0.87462
          ]
        ]
      },
      {
        "time_sec": 5.2,
        "part_name": "right_shoulder",
        "local_rotation_matrices": [
          [
            0.0,
            -1.0,
            -0.0
          ],
          [
            0.766044,
            0.0,
            -0.642788
          ],
          [
            0.642788,
            0.0,
            0.766044
          ]
        ]
      },
      {
        "time_sec": 5.5,
        "part_name": "right_shoulder",
        "local_rotation_matrices": [
          [
            -0.0,
            -1.0,
            0.0
          ],
          [
            0.707107,
            -0.0,
            -0.707107
          ],
          [
            0.707107,
            -0.0,
            0.707107
          ]
        ]
      },
      {
        "time_sec": 5.7,
        "part_name": "right_shoulder",
        "local_rotation_matrices": [
          [
            0.0,
            -1.0,
            -0.0
          ],
          [
            0.669131,
            0.0,
            0.743145
          ],
          [
            -0.743145,
            -0.0,
            0.669131
          ]
        ]
      },
      {
        "time_sec": 6.0,
        "part_name": "right_shoulder",
        "local_rotation_matrices": [
          [
            -0.0,
            -1.0,
            0.0
          ],
          [
            0.0,
            -0.0,
            1.0
          ],
          [
            -1.0,
            0.0,
            0.0
          ]
        ]
      }
    ],
    "root": [
      {
        "time_sec": 0.0,
        "part_name": "root",
        "root_offset": [
          0.0,
          0.0,
          0.0
        ]
      },
      {
        "time_sec": 1.0,
        "part_name": "root",
        "root_offset": [
          0.0,
          0.1,
          0.0
        ]
      },
      {
        "time_sec": 5.5,
        "part_name": "root",
        "root_offset": [
          0.0,
          0.1,
          0.0
        ]
      },
      {
        "time_sec": 6.0,
        "part_name": "root",
        "root_offset": [
          0.0,
          0.0,
          0.0
        ]
      }
    ],
    "spine1": [
      {
        "time_sec": 0.0,
        "part_name": "spine1",
        "local_rotation_matrices": [
          [
            1.0,
            0.0,
            0.0
          ],
          [
            0.0,
            1.0,
            0.0
          ],
          [
            0.0,
            0.0,
            1.0
          ]
        ]
      },
      {
        "time_sec": 1.0,
        "part_name": "spine1",
        "local_rotation_matrices": [
          [
            1.0,
            0.0,
            0.0
          ],
          [
            0.0,
            0.898794,
            0.438371
          ],
          [
            0.0,
            -0.438371,
            0.898794
          ]
        ]
      },
      {
        "time_sec": 5.5,
        "part_name": "spine1",
        "local_rotation_matrices": [
          [
            1.0,
            0.0,
            0.0
          ],
          [
            0.0,
            0.898794,
            0.438371
          ],
          [
            0.0,
            -0.438371,
            0.898794
          ]
        ]
      },
      {
        "time_sec": 6.0,
        "part_name": "spine1",
        "local_rotation_matrices": [
          [
            1.0,
            0.0,
            0.0
          ],
          [
            0.0,
            1.0,
            0.0
          ],
          [
            0.0,
            0.0,
            1.0
          ]
        ]
      }
    ],
    "head": [
      {
        "time_sec": 1.0,
        "part_name": "head",
        "local_rotation_matrices": [
          [
            1.0,
            0.0,
            0.0
          ],
          [
            0.0,
            1.0,
            0.0
          ],
          [
            0.0,
            0.0,
            1.0
          ]
        ]
      },
      {
        "time_sec": 2.0,
        "part_name": "head",
        "local_rotation_matrices": [
          [
            1.0,
            0.0,
            0.0
          ],
          [
            0.0,
            1.0,
            0.0
          ],
          [
            0.0,
            0.0,
            1.0
          ]
        ]
      },
      {
        "time_sec": 2.5,
        "part_name": "head",
        "local_rotation_matrices": [
          [
            0.707107,
            0.707107,
            0.0
          ],
          [
            -0.655618,
            0.655618,
            -0.374607
          ],
          [
            -0.264887,
            0.264887,
            0.927184
          ]
        ]
      },
      {
        "time_sec": 3.0,
        "part_name": "head",
        "local_rotation_matrices": [
          [
            0.707107,
            0.707107,
            0.0
          ],
          [
            -0.655618,
            0.655618,
            -0.374607
          ],
          [
            -0.264887,
            0.264887,
            0.927184
          ]
        ]
      },
      {
        "time_sec": 4.0,
        "part_name": "head",
        "local_rotation_matrices": [
          [
            0.707107,
            -0.707107,
            0.0
          ],
          [
            0.655618,
            0.655618,
            -0.374607
          ],
          [
            0.264887,
            0.264887,
            0.927184
          ]
        ]
      },
      {
        "time_sec": 4.5,
        "part_name": "head",
        "local_rotation_matrices": [
          [
            0.707107,
            -0.707107,
            0.0
          ],
          [
            0.655618,
            0.655618,
            -0.374607
          ],
          [
            0.264887,
            0.264887,
            0.927184
          ]
        ]
      },
      {
        "time_sec": 5.0,
        "part_name": "head",
        "local_rotation_matrices": [
          [
            1.0,
            0.0,
            0.0
          ],
          [
            0.0,
            0.927184,
            -0.374607
          ],
          [
            0.0,
            0.374607,
            0.927184
          ]
        ]
      },
      {
        "time_sec": 5.5,
        "part_name": "head",
        "local_rotation_matrices": [
          [
            1.0,
            0.0,
            0.0
          ],
          [
            0.0,
            0.927184,
            -0.374607
          ],
          [
            -0.0,
            0.374607,
            0.927184
          ]
        ]
      },
      {
        "time_sec": 6.0,
        "part_name": "head",
        "local_rotation_matrices": [
          [
            1.0,
            0.0,
            0.0
          ],
          [
            0.0,
            1.0,
            0.0
          ],
          [
            -0.0,
            0.0,
            1.0
          ]
        ]
      }
    ]
  },
  "keyframes": [
    {
      "time_sec": 0.0,
      "root_offset": [
        0.0,
        0.0,
        0.0
      ],
      "local_rotation_matrices": [
        [
          [
            1.0,
            0.0,
            0.0
          ],
          [
            0.0,
            1.0,
            0.0
          ],
          [
            0.0,
            0.0,
            1.0
          ]
        ],
        [
          [
            1.0,
            0.0,
            0.0
          ],
          [
            0.0,
            1.0,
            0.0
          ],
          [
            0.0,
            0.0,
            1.0
          ]
        ],
        [
          [
            1.0,
            0.0,
            0.0
          ],
          [
            0.0,
            1.0,
            0.0
          ],
          [
            0.0,
            0.0,
            1.0
          ]
        ],
        [
          [
            1.0,
            0.0,
            0.0
          ],
          [
            0.0,
            1.0,
            0.0
          ],
          [
            0.0,
            0.0,
            1.0
          ]
        ],
        [
          [
            1.0,
            0.0,
            0.0
          ],
          [
            0.0,
            1.0,
            0.0
          ],
          [
            0.0,
            0.0,
            1.0
          ]
        ],
        [
          [
            1.0,
            0.0,
            0.0
          ],
          [
            0.0,
            1.0,
            0.0
          ],
          [
            0.0,
            0.0,
            1.0
          ]
        ],
        [
          [
            1.0,
            0.0,
            0.0
          ],
          [
            0.0,
            1.0,
            0.0
          ],
          [
            0.0,
            0.0,
            1.0
          ]
        ],
        [
          [
            1.0,
            0.0,
            0.0
          ],
          [
            0.0,
            1.0,
            0.0
          ],
          [
            0.0,
            0.0,
            1.0
          ]
        ],
        [
          [
            1.0,
            0.0,
            0.0
          ],
          [
            0.0,
            1.0,
            0.0
          ],
          [
            0.0,
            0.0,
            1.0
          ]
        ],
        [
          [
            1.0,
            0.0,
            0.0
          ],
          [
            0.0,
            1.0,
            0.0
          ],
          [
            0.0,
            0.0,
            1.0
          ]
        ],
        [
          [
            1.0,
            0.0,
            0.0
          ],
          [
            0.0,
            1.0,
            0.0
          ],
          [
            0.0,
            0.0,
            1.0
          ]
        ],
        [
          [
            1.0,
            0.0,
            0.0
          ],
          [
            0.0,
            1.0,
            0.0
          ],
          [
            0.0,
            0.0,
            1.0
          ]
        ],
        [
          [
            1.0,
            0.0,
            0.0
          ],
          [
            0.0,
            1.0,
            0.0
          ],
          [
            0.0,
            0.0,
            1.0
          ]
        ],
        [
          [
            1.0,
            0.0,
            0.0
          ],
          [
            0.0,
            1.0,
            0.0
          ],
          [
            0.0,
            0.0,
            1.0
          ]
        ],
        [
          [
            1.0,
            0.0,
            0.0
          ],
          [
            0.0,
            1.0,
            0.0
          ],
          [
            0.0,
            0.0,
            1.0
          ]
        ],
        [
          [
            1.0,
            0.0,
            0.0
          ],
          [
            0.0,
            1.0,
            0.0
          ],
          [
            0.0,
            0.0,
            1.0
          ]
        ],
        [
          [
            0.03456,
            0.989665,
            -0.139173
          ],
          [
            0.004857,
            0.139088,
            0.990268
          ],
          [
            0.999391,
            -0.034899,
            0.0
          ]
        ],
        [
          [
            0.052336,
            -0.99863,
            0.0
          ],
          [
            0.0,
            0.0,
            1.0
          ],
          [
            -0.99863,
            -0.052336,
            0.0
          ]
        ],
        [
          [
            1.0,
            0.0,
            0.0
          ],
          [
            0.0,
            1.0,
            0.0
          ],
          [
            0.0,
            0.0,
            1.0
          ]
        ],
        [
          [
            1.0,
            0.0,
            0.0
          ],
          [
            0.0,
            1.0,
            0.0
          ],
          [
            0.0,
            0.0,
            1.0
          ]
        ],
        [
          [
            1.0,
            0.0,
            0.0
          ],
          [
            0.0,
            1.0,
            0.0
          ],
          [
            0.0,
            0.0,
            1.0
          ]
        ],
        [
          [
            1.0,
            0.0,
            0.0
          ],
          [
            0.0,
            1.0,
            0.0
          ],
          [
            0.0,
            0.0,
            1.0
          ]
        ],
        [
          [
            1.0,
            0.0,
            0.0
          ],
          [
            0.0,
            1.0,
            0.0
          ],
          [
            0.0,
            0.0,
            1.0
          ]
        ],
        [
          [
            1.0,
            0.0,
            0.0
          ],
          [
            0.0,
            1.0,
            0.0
          ],
          [
            0.0,
            0.0,
            1.0
          ]
        ]
      ]
    },
    {
      "time_sec": 0.5,
      "root_offset": [
        0.0,
        0.05,
        0.0
      ],
      "local_rotation_matrices": [
        [
          [
            1.0,
            0.0,
            0.0
          ],
          [
            0.0,
            1.0,
            0.0
          ],
          [
            0.0,
            0.0,
            1.0
          ]
        ],
        [
          [
            1.0,
            0.0,
            0.0
          ],
          [
            0.0,
            0.93358,
            -0.358368
          ],
          [
            0.0,
            0.358368,
            0.93358
          ]
        ],
        [
          [
            1.0,
            -0.0,
            0.0
          ],
          [
            0.0,
            0.995396,
            0.095846
          ],
          [
            -0.0,
            -0.095846,
            0.995396
          ]
        ],
        [
          [
            1.0,
            -0.0,
            0.0
          ],
          [
            0.0,
            0.97437,
            0.224951
          ],
          [
            -0.0,
            -0.224951,
            0.97437
          ]
        ],
        [
          [
            1.0,
            -0.0,
            0.0
          ],
          [
            0.0,
            0.981627,
            0.190809
          ],
          [
            -0.0,
            -0.190809,
            0.981627
          ]
        ],
        [
          [
            1.0,
            0.0,
            0.0
          ],
          [
            0.0,
            1.0,
            0.0
          ],
          [
            0.0,
            0.0,
            1.0
          ]
        ],
        [
          [
            1.0,
            0.0,
            0.0
          ],
          [
            0.0,
            1.0,
            0.0
          ],
          [
            0.0,
            0.0,
            1.0
          ]
        ],
        [
          [
            1.0,
            0.0,
            0.0
          ],
          [
            0.0,
            1.0,
            0.0
          ],
          [
            0.0,
            0.0,
            1.0
          ]
        ],
        [
          [
            1.0,
            0.0,
            0.0
          ],
          [
            0.0,
            1.0,
            0.0
          ],
          [
            0.0,
            0.0,
            1.0
          ]
        ],
        [
          [
            1.0,
            0.0,
            0.0
          ],
          [
            0.0,
            1.0,
            0.0
          ],
          [
            0.0,
            0.0,
            1.0
          ]
        ],
        [
          [
            1.0,
            0.0,
            0.0
          ],
          [
            0.0,
            1.0,
            0.0
          ],
          [
            0.0,
            0.0,
            1.0
          ]
        ],
        [
          [
            1.0,
            0.0,
            0.0
          ],
          [
            0.0,
            1.0,
            0.0
          ],
          [
            0.0,
            0.0,
            1.0
          ]
        ],
        [
          [
            1.0,
            0.0,
            0.0
          ],
          [
            0.0,
            1.0,
            0.0
          ],
          [
            0.0,
            0.0,
            1.0
          ]
        ],
        [
          [
            1.0,
            0.0,
            0.0
          ],
          [
            0.0,
            1.0,
            0.0
          ],
          [
            0.0,
            0.0,
            1.0
          ]
        ],
        [
          [
            1.0,
            0.0,
            0.0
          ],
          [
            0.0,
            1.0,
            0.0
          ],
          [
            0.0,
            0.0,
            1.0
          ]
        ],
        [
          [
            1.0,
            0.0,
            0.0
          ],
          [
            0.0,
            1.0,
            0.0
          ],
          [
            0.0,
            0.0,
            1.0
          ]
        ],
        [
          [
            0.03456,
            0.989665,
            -0.139173
          ],
          [
            0.004857,
            0.139088,
            0.990268
          ],
          [
            0.999391,
            -0.034899,
            0.0
          ]
        ],
        [
          [
            0.026175,
            -0.999594,
            -0.011248
          ],
          [
            0.98997,
            0.024357,
            0.139164
          ],
          [
            -0.138834,
            -0.014778,
            0.990205
          ]
        ],
        [
          [
            1.0,
            0.0,
            0.0
          ],
          [
            0.0,
            1.0,
            0.0
          ],
          [
            0.0,
            0.0,
            1.0
          ]
        ],
        [
          [
            1.0,
            0.0,
            0.0
          ],
          [
            0.0,
            1.0,
            0.0
          ],
          [
            0.0,
            0.0,
            1.0
          ]
        ],
        [
          [
            1.0,
            0.0,
            0.0
          ],
          [
            0.0,
            1.0,
            0.0
          ],
          [
            0.0,
            0.0,
            1.0
          ]
        ],
        [
          [
            1.0,
            0.0,
            0.0
          ],
          [
            0.0,
            1.0,
            0.0
          ],
          [
            0.0,
            0.0,
            1.0
          ]
        ],
        [
          [
            1.0,
            0.0,
            0.0
          ],
          [
            0.0,
            1.0,
            0.0
          ],
          [
            0.0,
            0.0,
            1.0
          ]
        ],
        [
          [
            1.0,
            0.0,
            0.0
          ],
          [
            0.0,
            1.0,
            0.0
          ],
          [
            0.0,
            0.0,
            1.0
          ]
        ]
      ]
    },
    {
      "time_sec": 1.0,
      "root_offset": [
        0.0,
        0.1,
        0.0
      ],
      "local_rotation_matrices": [
        [
          [
            1.0,
            0.0,
            0.0
          ],
          [
            0.0,
            1.0,
            0.0
          ],
          [
            0.0,
            0.0,
            1.0
          ]
        ],
        [
          [
            1.0,
            0.0,
            0.0
          ],
          [
            0.0,
            0.994522,
            -0.104528
          ],
          [
            0.0,
            0.104528,
            0.994522
          ]
        ],
        [
          [
            1.0,
            -0.0,
            0.0
          ],
          [
            0.0,
            0.981627,
            0.190809
          ],
          [
            -0.0,
            -0.190809,
            0.981627
          ]
        ],
        [
          [
            1.0,
            -0.0,
            0.0
          ],
          [
            0.0,
            0.898794,
            0.438371
          ],
          [
            -0.0,
            -0.438371,
            0.898794
          ]
        ],
        [
          [
            1.0,
            0.0,
            0.0
          ],
          [
            0.0,
            0.99863,
            -0.052336
          ],
          [
            0.0,
            0.052336,
            0.99863
          ]
        ],
        [
          [
            1.0,
            0.0,
            0.0
          ],
          [
            0.0,
            1.0,
            0.0
          ],
          [
            0.0,
            0.0,
            1.0
          ]
        ],
        [
          [
            1.0,
            0.0,
            0.0
          ],
          [
            0.0,
            1.0,
            0.0
          ],
          [
            0.0,
            0.0,
            1.0
          ]
        ],
        [
          [
            1.0,
            0.0,
            0.0
          ],
          [
            0.0,
            1.0,
            0.0
          ],
          [
            0.0,
            0.0,
            1.0
          ]
        ],
        [
          [
            1.0,
            0.0,
            0.0
          ],
          [
            0.0,
            1.0,
            0.0
          ],
          [
            0.0,
            0.0,
            1.0
          ]
        ],
        [
          [
            1.0,
            0.0,
            0.0
          ],
          [
            0.0,
            1.0,
            0.0
          ],
          [
            0.0,
            0.0,
            1.0
          ]
        ],
        [
          [
            1.0,
            0.0,
            0.0
          ],
          [
            0.0,
            1.0,
            0.0
          ],
          [
            0.0,
            0.0,
            1.0
          ]
        ],
        [
          [
            1.0,
            0.0,
            0.0
          ],
          [
            0.0,
            1.0,
            0.0
          ],
          [
            0.0,
            0.0,
            1.0
          ]
        ],
        [
          [
            1.0,
            0.0,
            0.0
          ],
          [
            0.0,
            1.0,
            0.0
          ],
          [
            0.0,
            0.0,
            1.0
          ]
        ],
        [
          [
            1.0,
            0.0,
            0.0
          ],
          [
            0.0,
            1.0,
            0.0
          ],
          [
            0.0,
            0.0,
            1.0
          ]
        ],
        [
          [
            1.0,
            0.0,
            0.0
          ],
          [
            0.0,
            1.0,
            0.0
          ],
          [
            0.0,
            0.0,
            1.0
          ]
        ],
        [
          [
            1.0,
            0.0,
            0.0
          ],
          [
            0.0,
            1.0,
            0.0
          ],
          [
            0.0,
            0.0,
            1.0
          ]
        ],
        [
          [
            0.03456,
            0.989665,
            -0.139173
          ],
          [
            0.004857,
            0.139088,
            0.990268
          ],
          [
            0.999391,
            -0.034899,
            0.0
          ]
        ],
        [
          [
            0.0,
            -1.0,
            -0.0
          ],
          [
            0.87462,
            0.0,
            -0.48481
          ],
          [
            0.48481,
            0.0,
            0.87462
          ]
        ],
        [
          [
            1.0,
            0.0,
            0.0
          ],
          [
            0.0,
            1.0,
            0.0
          ],
          [
            0.0,
            0.0,
            1.0
          ]
        ],
        [
          [
            1.0,
            0.0,
            0.0
          ],
          [
            0.0,
            1.0,
            0.0
          ],
          [
            0.0,
            0.0,
            1.0
          ]
        ],
        [
          [
            1.0,
            0.0,
            0.0
          ],
          [
            0.0,
            1.0,
            0.0
          ],
          [
            0.0,
            0.0,
            1.0
          ]
        ],
        [
          [
            1.0,
            0.0,
            0.0
          ],
          [
            0.0,
            1.0,
            0.0
          ],
          [
            0.0,
            0.0,
            1.0
          ]
        ],
        [
          [
            1.0,
            0.0,
            0.0
          ],
          [
            0.0,
            1.0,
            0.0
          ],
          [
            0.0,
            0.0,
            1.0
          ]
        ],
        [
          [
            1.0,
            0.0,
            0.0
          ],
          [
            0.0,
            1.0,
            0.0
          ],
          [
            0.0,
            0.0,
            1.0
          ]
        ]
      ]
    },
    {
      "time_sec": 2.0,
      "root_offset": [
        0.0,
        0.1,
        0.0
      ],
      "local_rotation_matrices": [
        [
          [
            1.0,
            0.0,
            0.0
          ],
          [
            0.0,
            1.0,
            0.0
          ],
          [
            0.0,
            0.0,
            1.0
          ]
        ],
        [
          [
            1.0,
            0.0,
            0.0
          ],
          [
            0.0,
            0.994522,
            -0.104528
          ],
          [
            0.0,
            0.104528,
            0.994522
          ]
        ],
        [
          [
            1.0,
            -0.0,
            0.0
          ],
          [
            0.0,
            0.981627,
            0.190809
          ],
          [
            -0.0,
            -0.190809,
            0.981627
          ]
        ],
        [
          [
            1.0,
            -0.0,
            0.0
          ],
          [
            0.0,
            0.898794,
            0.438371
          ],
          [
            -0.0,
            -0.438371,
            0.898794
          ]
        ],
        [
          [
            1.0,
            0.0,
            0.0
          ],
          [
            0.0,
            0.99863,
            -0.052336
          ],
          [
            0.0,
            0.052336,
            0.99863
          ]
        ],
        [
          [
            1.0,
            0.0,
            0.0
          ],
          [
            0.0,
            1.0,
            0.0
          ],
          [
            0.0,
            0.0,
            1.0
          ]
        ],
        [
          [
            1.0,
            0.0,
            0.0
          ],
          [
            0.0,
            1.0,
            0.0
          ],
          [
            0.0,
            0.0,
            1.0
          ]
        ],
        [
          [
            1.0,
            0.0,
            0.0
          ],
          [
            0.0,
            1.0,
            0.0
          ],
          [
            0.0,
            0.0,
            1.0
          ]
        ],
        [
          [
            1.0,
            0.0,
            0.0
          ],
          [
            0.0,
            1.0,
            0.0
          ],
          [
            0.0,
            0.0,
            1.0
          ]
        ],
        [
          [
            1.0,
            0.0,
            0.0
          ],
          [
            0.0,
            1.0,
            0.0
          ],
          [
            0.0,
            0.0,
            1.0
          ]
        ],
        [
          [
            1.0,
            0.0,
            0.0
          ],
          [
            0.0,
            1.0,
            0.0
          ],
          [
            0.0,
            0.0,
            1.0
          ]
        ],
        [
          [
            1.0,
            0.0,
            0.0
          ],
          [
            0.0,
            1.0,
            0.0
          ],
          [
            0.0,
            0.0,
            1.0
          ]
        ],
        [
          [
            1.0,
            0.0,
            0.0
          ],
          [
            0.0,
            1.0,
            0.0
          ],
          [
            0.0,
            0.0,
            1.0
          ]
        ],
        [
          [
            1.0,
            0.0,
            0.0
          ],
          [
            0.0,
            1.0,
            0.0
          ],
          [
            0.0,
            0.0,
            1.0
          ]
        ],
        [
          [
            1.0,
            0.0,
            0.0
          ],
          [
            0.0,
            1.0,
            0.0
          ],
          [
            0.0,
            0.0,
            1.0
          ]
        ],
        [
          [
            1.0,
            0.0,
            0.0
          ],
          [
            0.0,
            1.0,
            0.0
          ],
          [
            0.0,
            0.0,
            1.0
          ]
        ],
        [
          [
            0.03456,
            0.989665,
            -0.139173
          ],
          [
            0.004857,
            0.139088,
            0.990268
          ],
          [
            0.999391,
            -0.034899,
            0.0
          ]
        ],
        [
          [
            0.0,
            -1.0,
            -0.0
          ],
          [
            0.87462,
            0.0,
            -0.48481
          ],
          [
            0.48481,
            0.0,
            0.87462
          ]
        ],
        [
          [
            1.0,
            0.0,
            0.0
          ],
          [
            0.0,
            1.0,
            0.0
          ],
          [
            0.0,
            0.0,
            1.0
          ]
        ],
        [
          [
            1.0,
            0.0,
            0.0
          ],
          [
            0.0,
            1.0,
            0.0
          ],
          [
            0.0,
            0.0,
            1.0
          ]
        ],
        [
          [
            1.0,
            0.0,
            0.0
          ],
          [
            0.0,
            1.0,
            0.0
          ],
          [
            0.0,
            0.0,
            1.0
          ]
        ],
        [
          [
            1.0,
            0.0,
            0.0
          ],
          [
            0.0,
            1.0,
            0.0
          ],
          [
            0.0,
            0.0,
            1.0
          ]
        ],
        [
          [
            1.0,
            0.0,
            0.0
          ],
          [
            0.0,
            1.0,
            0.0
          ],
          [
            0.0,
            0.0,
            1.0
          ]
        ],
        [
          [
            1.0,
            0.0,
            0.0
          ],
          [
            0.0,
            1.0,
            0.0
          ],
          [
            0.0,
            0.0,
            1.0
          ]
        ]
      ]
    },
    {
      "time_sec": 2.5,
      "root_offset": [
        0.0,
        0.1,
        0.0
      ],
      "local_rotation_matrices": [
        [
          [
            1.0,
            0.0,
            0.0
          ],
          [
            0.0,
            1.0,
            0.0
          ],
          [
            0.0,
            0.0,
            1.0
          ]
        ],
        [
          [
            1.0,
            0.0,
            0.0
          ],
          [
            0.0,
            0.994522,
            -0.104528
          ],
          [
            0.0,
            0.104528,
            0.994522
          ]
        ],
        [
          [
            1.0,
            -0.0,
            0.0
          ],
          [
            0.0,
            0.981627,
            0.190809
          ],
          [
            -0.0,
            -0.190809,
            0.981627
          ]
        ],
        [
          [
            1.0,
            -0.0,
            0.0
          ],
          [
            0.0,
            0.898794,
            0.438371
          ],
          [
            -0.0,
            -0.438371,
            0.898794
          ]
        ],
        [
          [
            1.0,
            0.0,
            0.0
          ],
          [
            0.0,
            0.99863,
            -0.052336
          ],
          [
            0.0,
            0.052336,
            0.99863
          ]
        ],
        [
          [
